100
1 1
3 4
5 5
15 15
100 100
66 100
65 86
38 65
90 93
24 37
33 61
1 15
12 13
4 8
3 25
3 12
82 91
64 70
38 39
24 89
52 96
13 51
9 54
34 89
46 64
16 52
3 13
2 26
9 19
38 41
62 62
23 26
9 13
58 89
85 94
36 77
16 18
47 63
14 28
29 35
1 1
96 97
56 77
9 11
12 62
1 21
73 75
4 5
1 13
82 92
56 81
41 53
48 49
5 8
52 59
15 41
6 71
29 74
29 38
26 28
16 57
18 55
9 45
47 57
22 76
50 55
4 39
2 47
22 83
34 40
8 82
4 100
32 37
1 7
48 99
65 70
12 27
21 23
27 77
24 29
5 9
2 13
59 65
60 89
8 35
1 2
19 28
42 53
50 86
24 30
16 39
17 51
27 53
18 93
32 94
26 56
17 49
13 13
17 18
31 76
