106
21573 13 78
17580 13 78
50000 400 80200
12725 14 67
251 112 530
47559 17 105
21801 17 134
35957 14 79
6593 18 36
12725 16 79
6593 18 66
23766 13 78
5453 13 56
2602 9 37
26186 18 92
39017 14 93
42648 16 92
9364 12 68
41599 20 106
23160 13 3
9711 15 7
15535 15 108
8437 16 125
21801 19 105
26186 11 56
47559 17 150
18530 13 90
47949 16 92
16797 13 3
33942 17 140
21573 15 6
48845 14 91
18530 11 66
12391 16 7
29913 12 78
4441 16 93
40126 16 123
17580 15 79
4441 14 56
869 231 18574
3789 10 55
48460 20 13
4056 13 81
16021 13 2
199 249 730
6686 12 56
39017 16 92
47949 16 5
16797 15 93
1054 12 5
36439 14 3
35957 14 3
48845 12 1
42331 16 119
34572 14 3
15535 15 6
36691 14 93
32071 17 92
18766 13 67
26911 13 2
40126 14 91
41599 20 152
3789 13 6
98 390 6654
36691 14 2
6686 10 1
2602 14 95
12391 13 80
31782 18 11
4056 10 55
31782 18 8
18766 17 134
42331 18 11
5453 16 118
49609 16 5
14098 13 67
16021 13 3
24711 13 2
9711 15 67
33942 17 7
23766 11 56
29913 14 79
1143 17 94
14098 13 3
34572 16 119
23160 16 5
49609 14 3
27947 15 108
1581 14 101
8437 18 22
34900 15 118
14917 13 80
26911 13 3
27947 13 67
721 388 36820
9364 14 94
48460 18 139
1054 15 45
1143 16 110
14917 15 118
24711 11 1
32071 15 108
42648 16 134
34900 14 3
36439 14 79
1581 14 11
