92
34 5 1
32 5 1
32 7 11
1 2 2
24 7 26
14 5 1
17 6 2
34 9 14
32 6 2
41 7 6
41 7 3
30 6 11
13 5 7
28 6 2
15 6 11
37 7 27
17 5 15
21 6 11
26 7 5
45 8 11
1000 100 5050
44 9 27
3 4 5
11 5 3
26 5 1
32 7 4
16 6 10
45 8 23
37 9 9
40 9 23
14 7 12
14 6 6
42 7 21
10 5 13
45 8 5
45 8 4
2 3 1
16 6 6
472 8 17
40 7 16
26 6 20
17 6 3
42 8 15
16 7 18
37 7 3
5 4 3
21 7 25
31 6 20
32 9 32
11 5 7
40 10 34
45 9 23
32 10 34
37 5 11
875 17 151
16 6 11
30 7 26
21 9 24
43 8 23
24 6 17
4 4 8
16 7 5
45 6 1
35 6 17
545 10 42
16 5 15
23 7 6
15 6 10
13 7 18
17 6 4
44 8 31
24 7 5
14 5 15
28 7 6
24 6 15
40 7 16
31 7 24
712 20 53
40 7 24
10 6 12
5 4 1
40 7 6
18 7 20
32 9 32
21 7 5
43 6 1
26 6 17
18 5 15
23 7 4
328 21 122
32 6 15
2 3 2
