100
100 3311
82218 85529 88571 91882 95193 88840 97730 101041 102905 104486 106648 113152 114043 116830 125373 133372 136683 136251 144665 147976 151287 139562 142873 150080 153391 156702 139994 128684 131995 120141 123452 154894 158205 161516 164827 168138 161516 166070 173451 176762 177263 180574 183885 180073 169381 183371 186568 189879 196483 197240 200551 197959 200239 203550 206861 201270 206163 210788 218770 225624 228935 229101 232412 235723 232246 222081 225392 214099 217410 209474 212785 204581 203862 199794 203105 193190 186682 189993 172692 117354 120665 116463 119774 109959 113270 107797 111108 106216 109527 104352 304879 311876 327166 334472 325353 78793 115871 117432 107280 85433
100 2292
115719 118011 120303 120692 122984 129187 131479 133771 131900 134192 136484 125276 140122 140871 143163 143659 145951 152264 158809 164982 167274 169566 161101 163393 165519 174248 176540 180404 181250 183542 185289 187581 189873 185834 185572 191859 194151 196443 187864 190156 182696 184988 178832 167811 170103 154556 156848 148243 150535 145951 148243 145455 142414 144706 277246 108273 115724 123175 128792 135315 144073 152831 137550 146308 135839 144597 153355 258852 267185 266116 256838 249653 237185 228468 218282 200071 208404 188499 182901 174213 182546 169841 178174 161891 170224 152237 160570 150911 159244 142240 150573 138163 146496 139881 127708 136041 127574 135907 132032 16265
100 3982
76284 80739 88955 92937 100896 104887 111053 118400 122382 126364 115035 128097 129818 136448 140305 147132 151114 149781 153763 157745 151120 155102 159084 155096 144287 148269 140430 144412 133800 137782 132079 136061 119017 108869 112851 104878 108860 96919 100901 92937 96919 84721 88703 80266 84248 144129 135439 163684 163926 164168 177252 183609 189966 181309 187666 194023 227018 236090 245162 103896 110273 105871 94855 226220 229789 236146 242503 234843 238901 245258 251615 241200 247557 232577 238934 242984 249341 255698 291868 296496 253531 259888 262633 268990 275347 266245 234591 169493 150585 270073 276430 282787 155680 150072 143182 118182 96079 77493 86919 67461
100 5193
43542 48735 53928 142021 57904 63097 68290 88206 78432 70028 75221 76335 81528 84327 89520 94713 86721 80414 79184 70550 64853 144910 47901 57287 107494 112687 117880 80466 89852 117175 122505 127698 132891 122368 127561 127453 132646 135283 140476 139100 144293 149486 145669 137839 143032 132646 137839 197337 201787 148710 153903 159096 150881 156074 161267 215532 219982 224432 202454 197417 177028 228619 233069 237519 162288 179433 184626 189819 151126 158049 147222 134636 141559 125181 132104 124041 130964 115297 122220 113547 120470 104843 111766 102898 109821 106078 101534 88907 95830 79772 86695 84573 77998 161808 166708 156391 161291 158150 141039 50596
100 3820
62467 64287 66050 66633 67274 71094 71225 75045 78865 82685 87663 91483 95303 95264 103266 112571 116391 120211 107086 110906 99084 113435 117255 122205 124692 124873 128693 132513 128512 132332 126025 129845 121075 102904 86505 78865 74914 70453 74273 69870 73690 68107 71927 66287 70107 112512 112537 107457 103277 96028 96053 87702 87727 235977 245204 254431 240388 249615 258842 67734 161528 151437 160781 142338 151682 141305 132343 131362 123502 530249 535127 540005 137322 127460 130585 124071 127196 117845 120970 110165 113290 296727 303514 310301 98235 94038 97163 270263 271832 275702 279572 100873 98978 100519 93089 94630 84673 79408 80949 74747
100 5591
99023 103877 109468 115059 104614 104267 113890 119481 125072 109858 115449 110205 358821 361036 361333 361630 359118 148237 153828 159419 156474 162065 167656 173247 162065 167656 319202 293616 290814 292034 181448 190646 199844 190182 182221 191419 200617 139756 134842 134897 125252 125307 122565 239033 246608 254183 246855 254430 262005 104565 104620 227620 228399 229178 230696 231475 232254 116195 108606 286990 294565 289685 290927 298502 294859 302434 310009 306077 297260 304835 302140 164074 151349 155707 150307 154665 144436 148794 141940 146298 142017 129716 134074 128456 114652 119010 104067 108425 102762 107120 355625 357930 357864 360169 362474 360235 351372 448401 118819 151316
100 7351
97590 104941 112292 116786 116975 109441 116252 123603 118321 125672 133023 130954 125894 133245 140596 135578 141448 147318 137863 132433 139784 138948 146299 153650 147135 111807 117677 311903 316847 158974 166325 173676 323421 180457 171089 180734 186369 193720 201071 188085 195436 147205 202483 196786 204473 211824 219175 214471 221822 229173 236524 221822 229173 204137 211488 142084 234050 242353 249704 257055 241401 248752 108380 257463 263824 258175 256265 260226 266587 272948 238132 242978 268639 275000 281361 236652 226916 220459 225305 213033 217879 316715 355403 352300 316380 322741 329102 319413 325774 332135 340098 132913 345613 351577 348399 354363 360327 357541 108936 111017
100 730
64554 65284 66014 66744 65748 66478 67208 65284 66014 70471 72939 73301 79139 85556 88642 89111 89841 98484 108421 109151 109881 99214 99944 90571 89372 90102 86286 87016 79869 80599 74031 74761 73669 74399 71201 71931 420967 171270 177590 183910 170847 152176 158496 147340 231408 233008 234608 231815 233415 235015 235111 236711 240991 241978 243578 245178 242591 244191 238311 224643 218903 211541 213141 211766 234715 241035 243601 249921 256241 247355 203286 204886 202451 143430 133130 134730 123388 124988 164418 157678 150863 155526 147962 137829 142492 137368 142031 139602 122177 126840 120156 124819 113349 306214 311334 312785 314236 307665 72321 74402
100 8472
66246 74718 68949 77421 74000 82472 90944 85893 83190 80413 84393 92865 85957 94429 102901 101337 89284 97712 104825 113297 107488 108806 109277 115555 124027 131378 139850 148322 131972 140444 148916 132499 140971 124027 132499 117749 126221 117278 125750 115960 124432 121769 106184 114656 97756 106228 88885 97357 100328 112572 108006 113647 105786 113711 121636 86736 112526 120451 128376 124806 129036 143155 148796 140147 148072 140926 148851 156776 155997 184297 146716 150946 155176 177580 185079 137708 125947 133446 44110 40861 43563 34863 37565 28338 31040 22271 24973 20768 9780 12482 83974 88067 74970 79063 65755 69848 69572 55695 59788 37098
100 5461
139711 145172 143493 148954 153725 159186 164647 156426 157832 158970 165702 171163 176624 164431 166469 171930 172310 177771 175318 180779 186240 183017 188478 193939 183175 188636 194097 192706 198167 200351 209857 215318 220779 205812 211273 214232 219693 225154 203628 183232 214891 223151 228612 226578 226726 232187 237648 232039 237500 234073 220352 225813 177391 169892 163293 168754 161887 167348 154415 159876 148954 154415 150633 38163 21352 29125 69108 77942 69275 127637 136821 125892 135076 133596 101081 76002 85186 74064 83248 64060 73244 58709 67893 67119 54457 63641 55365 37399 46583 30476 39660 35252 26379 17394 15136 14006 63056 53125 59958 53975
100 7456
75344 163370 170563 198958 206414 213870 221326 206414 213870 189777 196970 188231 211885 219341 226797 137089 129966 138878 134251 137249 146161 155073 143163 141129 143019 143566 152478 149547 158459 167371 161390 151931 160843 150041 158953 152075 147790 146001 131268 140180 122413 131325 90243 76388 197413 206833 216253 167115 103075 88879 309062 316583 189914 197733 201687 205564 209518 213472 205641 193868 197822 205614 209568 209900 217559 221513 225467 213854 217808 224186 228140 232094 213522 251916 243675 251549 252940 253382 252956 255533 259487 264167 272531 276485 280439 277671 281625 285579 268121 272075 263441 287434 291388 295342 135779 108445 114933 103039 109527 96847
100 4065
9504 13569 10997 15062 19127 17621 21686 27396 31461 35526 30797 35598 44533 47206 48265 50343 54408 58473 61272 68101 76491 80556 84621 79200 83265 88507 91332 95397 99462 92572 96637 87330 72166 76231 65337 69402 62538 54408 58473 52330 56395 51271 55336 48598 52663 39663 43728 34862 38927 25751 17634 415813 418620 422550 425357 428164 135360 144521 434326 437133 439940 440257 449046 451853 456750 459557 465642 468449 471256 462364 454660 443064 445871 465729 468536 471343 472070 474877 477684 238175 245890 193157 198124 199444 200764 194477 195797 258313 255486 257155 504542 507349 510156 241920 234004 235673 392101 385391 390353 23143
100 2827
52195 55022 57849 79738 69604 77530 65889 73815 71325 89029 98691 102221 109396 89768 92595 95422 113445 122244 105172 105943 108770 111597 114424 112151 114978 117805 117251 111597 107999 110826 133197 141996 133843 142642 151441 150795 116289 97828 106627 95884 91471 92445 256066 264669 269533 278021 286509 159540 168339 177138 168951 177750 186549 197105 202717 229526 229856 183434 188663 197462 192053 200852 209651 206261 192233 201032 276559 201908 210707 219506 142873 288998 289328 289658 131382 119580 125192 96302 86262 86703 70445 65455 65896 57883 51892 47578 47859 278274 282547 284123 288396 292669 293315 297588 301861 286820 300175 60633 65171 100672
100 6228
96290 106085 114067 120295 126523 112313 122491 128719 134947 128562 134790 141018 147246 134790 141018 118541 102518 108746 129810 137030 173644 179390 176973 133211 140431 147651 182719 188465 212054 181374 187120 192866 203768 194497 194773 205926 215671 199411 197721 207466 217211 361699 364087 230022 235768 239573 245319 251065 241514 267241 267517 379505 242383 252128 275025 275301 275577 261873 397705 283632 283908 284184 401481 403996 299817 300093 300369 406511 384807 387322 382020 384535 373802 376317 375774 372317 374832 369820 372335 370963 369117 364214 366729 358709 354105 339362 316904 373604 377429 369748 373573 376101 379926 383751 341387 326346 339701 100159 104697 140198
100 7463
20033 20384 23666 26314 33777 41240 48703 41017 45958 53421 46731 54194 61657 60884 51052 58515 57838 65301 66533 73996 81459 72764 65978 48480 55943 33777 41240 31129 38592 27847 35310 27496 34959 94288 97067 100184 101383 104162 106941 107035 113386 239551 240110 240669 241729 242288 242847 125453 128232 129359 132138 134917 131011 116165 118944 109814 112593 102963 105742 99846 153545 157664 136911 139690 145329 148108 150887 142469 203057 203290 170388 166252 156205 160324 151949 156068 152816 147052 142860 133600 126479 114443 102596 106715 104017 91971 96090 74901 64657 68776 60260 57392 47726 51845 33356 37475 123173 112785 120782 51915
100 2243
30059 32302 39877 42120 44363 34545 38333 38333 41567 45551 45551 45551 41567 48059 48059 48059 41567 33489 139284 139284 139284 131736 124084 124084 121599 139808 139808 140979 140979 141921 145421 145421 145421 149500 149500 150161 150161 152132 157777 157777 157777 152132 152132 150161 149500 141921 141921 140979 139808 121599 118631 118631 118506 118506 116375 116375 112552 140356 140356 137035 146082 146082 146082 137035 45615 45615 45615 35954 35954 45616 50489 58300 62166 62166 62166 58300 58300 50489 50489 62167 31898 34438 34438 38640 38640 38640 34438 31898 31898 38641 38642 39857 43340 43340 43340 47585 47585 47585 39857 39857
100 2376
93264 103158 105534 106228 108604 115371 119002 121378 125509 125869 130152 132528 134904 128245 130621 127885 134410 136786 139162 130261 123754 117747 120123 110980 107910 95640 98016 134411 99907 104265 106641 109017 102283 104659 108518 117732 122756 122964 124648 127024 129089 131465 133841 129400 125340 127716 125132 127508 132531 137936 138523 140899 147487 150622 150671 153047 155423 156923 163758 166134 166381 168757 171133 168510 159299 174947 177323 175065 183050 186176 192652 198184 200560 205741 208117 210493 202936 195028 197404 188552 190928 185426 187802 177441 179817 179699 161675 152998 155374 149863 152239 143275 140312 142688 134907 137283 120108 122484 110894 113270
100 7679
80344 89600 91028 98707 106386 97279 104958 88023 95702 91029 83140 92847 100526 108205 90819 98498 98186 106483 107774 115453 123132 115472 123151 130830 114162 121841 105865 113544 125356 132778 140457 148136 138610 146289 153968 133035 140714 138611 144898 153565 158541 164752 170294 172485 173016 180695 188374 180164 187843 177973 185652 172431 180110 166220 173899 161244 168923 152577 160256 173017 178619 180772 189956 192458 200137 207816 197635 205314 188451 193700 201379 209058 196130 197491 205170 199714 207393 215072 212849 186298 193977 203258 211915 216290 223969 220531 227437 229781 237460 245139 235116 242795 228210 235889 231648 219594 227273 210937 218616 229782
100 7464
201995 209459 216923 201996 205671 213135 220599 205672 51669 59133 66597 51670 55891 63355 70819 55892 62543 70007 77471 62544 71613 79077 86541 71614 75459 82923 90387 75460 76483 83947 91411 76484 54779 62243 69707 54780 63655 71119 78583 63656 57489 64953 72417 57490 60794 68258 75722 60795 70295 77759 85223 70296 56719 64183 71647 56720 59340 66804 74268 59341 53453 60917 68381 53454 54553 62017 69481 54554 57066 64530 71994 57067 54975 62439 69903 54976 64592 72056 79520 64593 52122 59586 67050 52123 52646 60110 67574 52647 54647 62111 69575 54648 55796 63260 70724 55797 59994 67458 74922 59995
100 9437
204829 212293 219757 73482 82919 83113 92550 101987 92356 61967 69431 58808 68245 65414 74851 84288 77682 72841 80305 65378 74447 81911 89375 74448 83958 93395 102832 85289 94726 104163 94245 60889 70326 79763 72541 57614 66489 73953 81417 66490 77796 87233 96670 60324 63628 71092 78556 96906 106343 115780 104956 114393 123830 110449 119886 129323 62174 69638 77102 62175 56287 63751 71215 56288 57387 64851 163040 172477 181914 67364 170093 179530 188967 65273 72737 57810 67426 74890 82354 67427 63013 72450 65542 74979 84416 81887 70408 55481 57481 64945 72409 57482 58630 66094 73558 58631 62828 70292 77756 62829
100 1004
9666 10670 11674 16830 17834 17916 18920 19924 22101 23105 26975 27979 36681 37685 38689 28983 24109 36681 48695 49942 53267 54271 55275 50946 51950 49699 50703 60020 67650 70781 71785 78012 79016 80020 72789 68654 69658 78012 89660 96913 103764 108592 109596 110600 104768 105772 97917 112913 116299 120918 121922 122926 117303 118307 113917 114921 98921 120918 137569 138573 139577 138455 141435 150158 151162 152166 142439 157586 167538 168542 176561 177565 178569 169546 158590 159594 143443 176561 184628 185632 186636 193561 194565 196813 197817 198821 198228 199232 200236 205333 206337 211768 219382 220386 221390 212772 213776 219382 232507 233511
100 3487
2488 15495 18982 22469 17548 17548 27275 30762 30310 33797 30310 47190 50677 54164 50096 50096 62633 71894 75381 78868 71894 76774 79320 82807 86294 79320 94042 96550 100037 103524 96550 101788 105275 108146 111633 108146 123881 124756 128243 131730 124756 136878 138786 142273 145760 138786 149141 152628 156115 150571 150571 165262 168749 169314 172801 169314 181092 187562 191049 194536 187562 204973 208460 211177 214664 211177 225286 231249 234736 238223 231249 237689 241176 244663 240787 240787 249256 252743 256230 249323 249323 258459 260351 263838 267325 260351 267685 270018 273505 276992 270018 288428 290576 294063 297550 290576 296944 300431 304596 308083
100 4197
5774 18468 22665 26862 20580 24777 20580 33382 37579 41776 39315 43512 39315 42056 50602 54799 58996 46253 50602 53667 56825 61022 65219 57864 56825 62773 66970 71167 72535 76732 72535 82585 92170 96367 100564 86782 92170 107388 111585 115782 109433 113630 109433 119488 129263 133460 137657 123685 129263 145481 146438 150635 154832 149678 146438 155500 159697 157483 161680 165877 157483 168419 172616 176813 177492 181689 177492 187638 194033 198230 202427 191835 194033 201948 206145 203385 207582 211779 203385 210228 218399 222596 226793 214425 218399 235240 239744 244986 249183 252202 256399 257976 262173 266370 260596 253380 243941 248138 239437 243634
100 5282
1354 12085 17367 19601 24883 19601 30546 35828 41110 30953 30953 47433 52715 57997 49424 49424 64220 73750 79032 84314 73750 78259 86931 92213 97495 86931 94403 99685 104967 102977 102977 106572 111854 109309 114591 109309 123148 132999 138281 143563 132999 140335 148374 153656 158938 148374 154901 163533 168815 174097 163533 174059 179341 184623 183748 183748 189172 194454 199736 198465 198465 206890 214849 220131 225413 214849 221700 230646 235928 241210 230646 233602 241483 246765 252047 241483 251766 257048 252208 257490 252208 260889 267956 273238 278520 267956 281029 283777 289059 294341 283777 294500 296113 301395 306677 296113 306223 311505 316787 312468
100 3125
10330 13618 16743 19868 13618 15789 18914 22039 19470 19470 31499 34624 35646 38771 35646 48307 51432 54557 55872 55872 72235 75360 80266 83391 80266 96731 98559 101684 104809 98559 108359 111484 114609 113661 113661 118564 121689 124814 127953 127953 129392 132517 134986 138111 134986 142349 143924 147049 150174 143924 156873 159998 163123 159346 159346 172936 176061 179186 173281 173281 180340 188607 191732 194857 188607 198610 201735 204860 207570 207570 218377 225892 229017 232142 225892 236747 243418 246543 249668 243418 253664 256789 259914 254546 254546 260295 263420 264581 267706 264581 272078 275203 275515 278640 275515 291069 294194 297319 300878 300878
100 598
13689 14287 14885 21163 21163 26690 27288 33591 34189 34787 33591 41726 42324 42922 47237 47835 47237 62214 62812 65091 65689 66287 65091 79135 82877 83475 84073 79733 82877 100522 101120 105899 106497 107095 105899 117367 124304 124902 125500 117965 124304 136976 137574 138172 137885 138483 137885 147356 149101 149699 150297 147954 149101 156889 164608 165206 165804 157487 164608 176903 182615 183213 183811 177501 182615 197045 203408 204006 204604 197643 203408 211872 216639 217237 217835 212470 216639 230209 234880 235478 236076 230807 234880 247499 248097 255368 255966 256564 255368 259113 264578 265176 265774 267283 269025 269623 270221 267881 268479 259711
100 1496
8509 14023 21698 23194 24690 21698 32354 34928 36424 37920 34928 48339 56688 58184 59680 56688 64632 65526 67022 68518 65526 77200 85383 86879 88375 85383 100536 107565 109061 110557 107565 123235 130512 132008 133504 130512 144349 150036 151532 153028 150036 155605 157101 160717 162213 160717 170386 171882 177865 179361 177865 194201 195697 200631 202127 200631 208945 213571 215067 216563 213571 223146 223656 225152 226648 223656 231909 233405 234901 233696 233696 245338 248996 250492 251988 248996 256080 261091 262587 264083 261091 275409 276905 278401 284035 284035 298459 299955 302000 303496 302000 312888 314384 317549 319045 317549 320559 330305 331801 333297
100 9657
6375 16032 6375 21524 22617 32274 41931 22617 33564 40196 49853 59510 40196 49656 59313 53173 62830 53173 57028 61232 70889 80546 61232 68712 72488 82145 91802 72488 80803 90460 100117 84187 84187 94309 103966 100450 110107 100450 105896 114175 123832 133489 114175 124231 133888 132605 142262 132605 139617 145342 154999 164656 145342 151883 161540 171197 157334 157334 168460 178220 187877 197534 178220 188332 194095 203752 213409 194095 204092 205521 215178 224835 205521 217122 226779 218432 228089 218432 232997 242654 236891 246548 236891 242556 252213 261870 244952 244952 259104 268761 263050 272707 263050 267271 276928 286585 268129 268129 279563 289220
100 7559
7469 15261 22820 30379 15261 21446 29005 29455 37014 29455 43962 51521 53951 61510 53951 58659 59541 67100 74659 59541 74269 81828 89387 82544 82544 86445 94004 87205 94764 87205 98509 106068 102049 109608 102049 112622 119454 127013 134572 119454 125144 134952 142511 150070 134952 142138 148862 156421 163980 148862 153737 161296 161096 168655 161096 170174 179784 187343 194902 179784 194332 201891 198342 205901 198342 212137 215995 223554 231113 215995 228044 229891 237450 245009 229891 243475 244402 251961 259520 244402 258496 266055 262010 269569 262010 274333 281892 275637 283196 275637 291525 299084 306643 292224 292224 297246 304805 302051 309610 302051
100 3608
18354 18354 20992 29245 32853 36461 24600 29245 37792 41400 45008 40762 44370 40762 51054 57224 60832 64440 54662 57224 67993 71601 75209 69066 72674 69066 83445 88325 91933 95541 87053 88325 100738 104346 107954 110684 114292 110684 127749 131684 135292 138900 131357 131684 147483 151091 155983 159591 163199 155983 163018 172273 175881 179489 166626 172273 185053 188661 189703 193311 196919 189703 198612 200841 204449 208057 202220 200841 203842 207450 211058 205154 208762 205154 220349 223957 227565 221983 225591 221983 234237 236280 239888 243496 237845 236280 251632 255240 254558 263508 265656 269264 275393 279001 282609 272872 267116 270724 258166 261774
100 4743
11779 16522 21265 11779 23538 28281 32418 37161 32418 40805 48313 53056 57799 48313 59559 64302 69045 59619 59619 72936 77679 79932 84675 79932 86197 93175 97918 102661 93175 103788 108531 109318 114061 109318 124753 129496 134239 126969 126969 132407 137150 142077 146820 142077 155748 160491 165234 163435 163435 173220 177963 182170 186913 182170 189368 194111 192866 197609 192866 201589 208851 213594 218337 208851 224628 229371 231413 236156 231413 236312 241055 245936 250679 245936 247397 252140 256883 251579 251579 261812 262154 266897 271640 262154 266933 271676 270427 275170 270427 272821 277564 282307 277684 277684 291523 295311 300054 304797 295311 310059
100 5601
14189 19790 14750 20351 23258 28859 34460 25952 23258 38012 43613 47029 47872 53473 59074 52630 58231 49214 47872 61748 71657 77258 82859 75263 80864 86465 67349 72950 75263 79911 85512 91113 89820 95421 94293 99894 105495 101022 94293 104450 104732 110333 107509 113110 118711 115934 110051 115652 107509 114765 120366 125967 118733 124334 123542 129143 134744 129935 123542 126211 131812 135546 144466 150067 155668 141147 146748 137413 144466 155406 164977 171545 177146 182747 170578 176179 161007 166608 171545 182703 183401 192720 198321 203922 189002 194603 188304 193905 192720 201695 207296 212897 202879 207423 213024 218625 208480 214081 207423 216252
100 7123
2367 4731 6263 13386 20509 11854 18977 6263 9763 16886 18119 18690 25813 32936 25242 32365 24009 18690 21945 30137 37260 36188 43311 50434 44383 29068 36191 36188 47809 48316 57122 64245 71368 55439 62562 54932 62055 57122 63305 69518 78598 85721 92844 76641 83764 70428 77551 78598 90730 97853 104976 100079 107202 114325 105180 112303 119426 105180 113471 120594 127717 117415 124538 119549 126672 133795 131661 119549 124346 131469 138592 126258 127617 134740 141863 133381 140504 127617 138535 141301 148424 155547 145658 152781 144976 152099 159222 144976 162779 169902 177025 170837 177960 179067 186190 193313 185083 179067 186155 193278
100 6290
9703 9968 16258 19758 26048 32338 22548 22000 28290 34580 31408 37698 43988 32237 38527 44817 15993 22283 32237 48570 52080 55572 61862 68152 58370 64660 64040 68356 74646 80936 73228 79518 85808 70330 76620 54860 78872 85162 78872 82816 89106 84012 88823 90787 97077 103367 95113 101403 96981 103271 109561 97738 103833 110123 116413 104028 110318 90302 103833 117592 126444 132734 139024 123882 127491 133781 140071 130172 130534 136824 143114 139806 148217 149814 156104 162394 154507 160797 149814 154206 160748 167038 166173 168862 175152 181442 172463 178753 173044 173911 180201 186491 179334 174871 181161 187451 185624 173328 174871 182385
100 7384
9962 17346 24730 13828 21212 19187 26571 22624 30008 37392 33955 28596 22624 36421 40948 49764 57148 64532 50550 57934 58058 59358 66742 59877 67261 74645 74126 65442 72826 65318 48332 55716 59877 76636 82050 83377 90761 90753 92716 100100 107484 98137 105521 98145 101641 109025 104538 111922 119306 116409 89434 96818 104538 114094 121478 128862 116769 122638 130775 138159 137347 141044 145668 153052 160436 148428 155812 144731 152115 145543 130022 137406 145668 157243 164627 164158 171542 168249 175633 174041 181425 180568 188279 195663 190558 197942 205326 203047 187952 195336 188809 183017 190558 201062 208446 215830 208982 216366 209824 217208
100 2673
11855 15120 17793 20466 15120 16206 18879 25978 28651 31324 25978 42690 44335 47008 49681 45363 44335 49992 57484 60157 62830 52665 57484 71864 74537 77210 75856 78529 75856 82263 84936 87609 88094 90767 88094 100255 102928 108092 110765 113438 108092 124272 126945 131166 133839 136512 131166 140144 142817 145490 142980 145653 142980 150737 153410 156083 153551 156224 153551 161337 167850 170523 173196 164010 167850 174211 174606 177279 179952 176884 174606 186417 189090 191763 190859 193532 190859 193106 193499 196172 198845 195779 193499 203961 206634 208707 211380 214053 208707 210418 213091 218914 221587 221566 224239 226912 224260 225475 228148 230821
100 6621
9188 16293 17455 24076 17799 24420 31041 30697 22914 29535 17799 26125 29409 36030 31870 38491 45112 42651 32746 39367 31870 49402 56023 50696 54638 61259 67880 57317 63938 62644 54638 64089 70710 77331 73101 79722 86343 78732 85353 91974 78732 83519 89723 96344 96886 103507 110128 102965 90140 96761 96886 109882 109974 116595 116042 122663 129284 123216 116503 123124 116042 120164 126785 122277 130338 136959 143580 128898 135519 133406 130338 145330 146365 152986 146410 153031 159652 159607 151951 158572 146410 154528 161149 161677 163632 170253 176874 168298 174919 167770 163632 168051 174672 181293 173795 180416 187037 176895 183516 190137
100 8106
16303 24178 32284 33862 41968 50074 40390 24409 33862 46247 54353 62459 50403 53463 61569 69675 58509 66615 53463 60931 69037 77143 65501 66508 74614 82720 73607 81713 66508 71746 76917 78821 86927 95033 85023 93129 79852 87958 78821 93248 98148 104955 113061 121167 106254 114360 101354 109460 104955 113140 119433 127539 121568 129674 137780 135645 121246 129352 121568 140405 141075 150628 158734 166840 149181 157287 148511 156617 150628 161841 163984 172980 181086 189192 172090 180196 169947 178053 172980 182408 190794 198900 207006 195469 203575 211681 190514 198620 195469 207887 215993 224099 212582 220688 228794 213568 221674 229780 213568 222638
100 8369
4517 12886 21255 12720 21089 29458 12720 27711 32641 41010 49379 35673 44042 44178 53955 60438 68807 77176 62324 70693 62185 70554 78923 52547 60916 52411 62185 78193 79878 88247 96616 86562 94931 81962 86910 95279 103648 94496 98738 104809 113178 121547 107107 115476 102865 111234 104809 113133 121502 119264 120283 129132 131305 139332 147701 156070 139674 140076 148445 156814 148043 137501 145870 128652 137021 127633 140076 151285 153364 161733 159482 163801 171806 180175 188544 178562 186931 187800 196169 204538 195300 172170 180539 167851 176220 170102 187800 200825 209144 217513 225882 209194 218737 227106 219135 225508 233877 242246 227504 235873
100 7825
2792 10617 8973 16429 18314 23364 31189 39014 26139 33964 24254 32079 16798 23364 30123 39465 47290 48831 55208 63033 59717 62843 70398 78223 86048 70668 78493 67542 75367 70858 56656 64481 55115 70398 78626 86451 94276 79994 88142 92544 98091 98626 106451 102463 110288 118113 114276 105916 113741 100369 108194 95967 103792 102463 115946 124226 132051 130443 131290 139115 146940 138268 146093 138199 147603 155428 148373 156198 164023 163253 146024 153849 139876 148373 155943 163554 164312 172137 179962 168814 170487 173743 176354 184179 192004 181568 189393 178312 186137 176639 184464 171379 179204 176354 191020 198845 198081 205906 213731 206670
100 8878
2784 11662 20540 9535 18413 27291 9535 17631 26509 35387 20360 28625 37503 46381 29238 38116 28625 44001 52879 61757 45798 46855 55733 64611 54676 63554 46855 61504 70382 67068 75946 76352 85230 94108 84824 79260 76352 82079 90957 99835 82091 90969 99847 90021 98899 107777 90021 96134 105720 114598 123476 109355 118233 127111 105012 113890 109355 126646 136577 137703 146581 155459 145455 154333 135524 144402 137703 151621 160499 153337 162215 171093 161079 169957 178835 169377 161079 163919 171519 180397 181211 190089 198967 189275 172797 181675 181211 192017 200895 209773 193804 202682 196248 205126 214004 211560 196248 206407 215285 224163
100 9726
4743 14469 24195 5828 11704 21430 31156 11704 28572 38298 35126 44271 53997 63723 44852 54578 48024 44271 55961 65687 75413 56299 66025 75751 57988 67714 77440 57988 65432 75158 84884 70217 79943 89669 74726 84452 94178 74726 84288 94014 93764 99616 109342 119068 103490 113216 103740 99616 105037 114763 124489 114665 124391 119788 129514 139240 134117 119788 127036 129178 138904 130060 139786 149512 148630 136762 146488 130060 144061 153787 163513 148175 153541 163267 172993 157901 167627 153541 161800 171202 180928 190654 171526 181252 172171 181897 191623 172171 180096 184318 194044 203770 189822 186532 196258 205984 199548 186532 196497 206223
100 2864
18905 21769 24633 19468 19468 38349 41233 44097 46961 41213 41233 53347 63306 66170 69034 56211 63306 76213 79518 82382 85246 79077 79518 87917 92230 95094 97958 90781 92230 107569 113340 116204 119068 110433 113340 128464 132091 134955 137819 131328 132091 141997 144314 147178 150042 144861 144314 152944 160456 163320 166184 155808 160456 176059 178923 181787 183140 186004 183140 193416 203304 206168 209032 196280 203304 217630 220494 221232 224096 226960 221232 229637 232501 235365 231508 234372 231508 243774 244780 247644 250508 246638 244780 251385 255318 258182 261046 254249 255318 264574 267438 270302 273204 276068 278932 278817 282433 285297 288161 281681
100 2315
9492 12280 14595 16910 11807 12280 13957 16272 18587 15315 17630 15315 22400 24715 27030 26888 29203 26888 39847 42162 44477 43088 45403 43088 56447 57066 59381 61696 58762 57066 69965 72280 74595 74270 76585 74270 84813 87128 87505 89820 92135 87505 98410 101575 103890 106205 100725 101575 111315 113630 111652 113967 116282 111652 125233 133462 135777 138092 127548 133462 137087 141339 143654 145969 139402 141339 151557 157546 159861 162176 153872 157546 172362 176406 178721 181036 174677 176406 186206 187615 189930 192245 188521 187615 193350 202779 205094 207409 195665 202779 204616 211397 213712 216027 206931 217911 220226 222541 218811 221126
100 9504
13274 15796 20519 30023 39527 25300 34804 22778 32282 20519 30584 37290 45779 55283 64787 46794 56298 40088 49592 45779 53126 62630 58058 67562 77066 72134 62706 72210 81714 62706 81598 82748 89279 98783 108287 92252 101756 91102 100606 89279 103234 107671 110875 120379 129883 117175 126679 112738 122242 110875 117525 120789 130293 128754 138258 147762 139797 127029 136533 128754 140882 150386 145177 149155 158659 168163 154681 164185 159890 149155 157583 167087 176591 165081 171960 181464 190968 174585 184089 171960 181332 190836 200340 189110 198614 191323 200827 210331 208118 191323 197556 207060 216564 197989 207493 216997 201817 211321 220825 201817
100 8159
3354 11513 3354 20914 29073 24095 27579 35738 43897 32254 40413 37232 27579 32113 40272 48431 34851 42288 50447 58606 43010 51169 42288 51990 60149 68308 58697 66856 61465 69624 77783 75015 61465 79059 87218 85903 86989 95148 103307 94062 102221 95377 86989 95925 104084 104624 105306 113465 121624 112783 120942 112243 105306 107976 116135 108833 110849 119008 127167 116992 125151 124294 110849 122038 131086 139245 136839 144998 153157 147404 130197 138356 136839 142846 151005 150002 158161 166320 159091 167250 175409 159164 159091 165363 173522 181681 171872 180031 188190 179061 187220 195379 179061 187299 187837 190871 199030 207189 195996 204155
100 7144
12064 12064 21613 28757 35901 29286 29286 44807 46637 53781 60925 46637 66141 71825 78969 86113 71825 83213 93159 100303 107447 93159 109678 116822 123966 118067 118067 122688 128338 135482 142626 128338 141464 148608 155752 146050 146050 161629 166065 173209 180353 166065 176065 185831 192975 200119 185831 200044 207188 202128 209272 202128 213217 222018 229162 236306 222018 231176 241061 248205 255349 241061 247147 249174 256318 263462 249174 265623 272767 270090 277234 270090 279034 280871 288015 295159 280871 296431 301273 308417 315561 301273 306899 314043 321187 308904 308904 327109 330842 337986 345130 330842 342220 349364 349801 356945 349801 360898 368042 375186
100 6124
6146 11311 18167 24291 30415 17435 23559 12270 18394 18167 25311 31435 37559 26389 32513 35748 41124 47291 53195 59319 65443 58249 64373 70497 53415 59539 47248 53372 41872 58249 73470 79594 85718 76497 82621 88745 85185 91309 89036 91585 95775 105330 111454 117578 101899 108023 97709 103833 95160 105330 119935 126059 124399 130523 136647 132183 132188 138312 144436 139013 145137 151261 139478 142952 149076 155200 145602 151726 143548 143548 149311 153979 160103 166227 155435 161559 158226 164350 167745 173869 179993 170474 171583 177707 177364 183488 181395 187519 193643 181395 193743 199867 200131 206255 202663 208787 214911 212522 218646 224770
100 9893
13676 23569 33462 13676 27948 37731 38651 48544 58437 47624 57517 37841 47734 38651 46722 53814 56485 66378 76271 63707 73600 56615 66508 56485 67721 76964 86857 77003 86896 96789 96750 77614 87507 77003 82241 84830 94723 85517 95410 105303 104616 92134 102027 85517 91810 94318 101185 111078 120971 104211 114104 101703 111596 101185 111252 121145 131038 116813 126706 120719 130612 140505 136599 120719 132001 132411 142304 142063 151956 161849 152197 141894 151787 142063 157998 163877 173770 183663 168213 178106 187999 167891 177784 168213 175800 183039 187367 197260 207153 192932 202825 185693 195586 187367 190175 196094 205987 215880 200068 209961
100 7241
7786 15027 15420 22661 15420 28039 35280 42521 34810 42051 34810 40776 48017 55258 42582 49823 42582 49782 52603 59844 67085 57023 52603 67651 68073 75314 82555 74892 68073 72036 79028 86269 93510 79277 79028 89889 92638 99879 107120 97130 92638 97683 99378 106619 113860 104924 99378 112094 112313 119554 126795 119335 112313 118852 126617 133858 141099 126093 126617 141500 142842 150083 157324 148741 142842 152298 159539 166780 158038 165279 158038 161344 168585 175826 166572 173813 166572 178144 185385 192626 186834 194075 186834 199767 203870 211111 218352 207008 203870 209157 210897 218138 213920 220464 227705 234946 221161 228402 225379 216398
100 3552
8654 18430 21982 25534 24747 28299 29058 32610 36162 31851 29058 34636 36839 40391 46767 50319 53871 43943 38188 41740 46767 57441 59664 63324 66876 70428 63216 66768 60993 64545 63324 71109 74661 78213 74132 77684 81236 80705 84257 87809 80705 93029 98726 99171 102723 106275 102278 105830 96581 100133 99171 104916 111237 114789 118341 108468 115993 119545 123097 112020 115993 134798 139177 142729 142715 146267 149819 146281 138350 141902 142715 146716 153768 160121 163673 167225 157320 160872 150268 153820 160121 171212 174764 178316 178560 186672 190224 193776 182112 185664 186672 195286 198838 202390 198864 202416 205968 206866 210418 213970
100 4290
7118 11408 7118 18884 21389 26792 31082 35372 25679 29969 23174 27464 26792 35613 36440 40730 45020 39903 39461 43751 48041 44193 39461 46580 52078 56368 60658 50870 55160 59677 63967 68257 59677 74029 78319 82609 83042 87332 85690 89980 94270 91622 85690 97363 103277 108486 112776 117066 107567 111857 101653 105943 108486 113239 117529 121819 115738 120028 124318 117608 121898 126188 117608 121485 125490 129780 131615 135905 140195 134070 125775 130065 131615 140171 149659 153949 158158 162448 166738 158239 144461 148751 158158 169054 173344 171580 177531 181821 186111 175870 180160 177634 177531 187902 194144 198434 202724 195996 200286 204576
100 9016
7488 12104 21120 30136 12104 20466 29482 24164 33180 42196 24164 31386 40402 36189 45205 54221 36189 47639 56655 65671 51191 60207 51191 64466 69515 78531 87547 73482 69515 72130 78541 87557 96573 81146 78541 92953 93202 102218 111234 101969 93202 104198 113214 105455 114471 123487 105455 115225 124241 122163 131179 140195 122163 131815 141031 150047 159063 140831 141031 153567 162583 162050 171066 180082 162050 171012 180565 189581 198597 180028 180565 185245 191040 200056 209072 194261 191040 203945 212961 212221 221237 230253 212221 229600 236959 245975 254991 238616 236959 246053 252883 261899 270915 261209 263580 272596 281612 270225 279241 255069
100 4903
14177 19080 18098 23001 18098 20992 25895 30798 21609 26512 21609 35455 40358 41078 45981 50884 41078 45525 53356 58259 63162 50428 53356 58597 63500 65476 70379 75282 65476 70156 75059 78569 83472 88375 78569 85925 86861 91764 96667 90828 86861 100594 102015 106918 111821 105497 102015 110031 112200 117103 122006 114934 112200 117207 122110 127013 124470 129373 124470 134503 139406 144309 136842 141745 136842 155507 160410 165313 162557 167460 162557 171399 171694 176597 181500 176302 171694 180701 190525 195428 200331 185604 190525 201919 206822 202157 207060 211963 202157 204828 209731 214634 208944 213847 218750 216673 222073 226976 231879 221576
100 4478
7631 15839 20317 24795 12109 16587 15839 26271 30749 35227 30601 35079 39557 39859 44045 47607 52085 56563 48523 53001 44337 54313 58791 63269 48815 57389 57389 70812 75290 78193 83261 85009 89487 93965 87739 92217 82671 87149 79768 85664 90142 86231 90709 95187 88717 93195 88717 97357 101835 99313 103791 105049 105512 113580 118058 113585 118063 116242 120720 125198 122541 122536 109990 114468 109527 114005 116242 119895 124238 129649 133754 138232 142710 134120 138598 142080 143204 147682 152160 146558 151036 143076 134127 138605 128716 133194 143204 155054 157055 161533 166011 159532 164010 162112 165508 165652 170130 174608 169986 174464
100 4459
11196 11196 14733 19192 21767 26226 30685 23651 27031 31490 35949 27031 38308 45313 52627 57086 61545 49772 54231 42767 47226 52627 63952 68411 72870 69500 78603 83062 87521 73959 78418 78603 86096 86840 91299 95758 90555 87628 92087 96546 95014 87628 96111 96358 99145 103604 108063 100817 105276 100570 105029 99145 110545 114715 119894 124353 128812 119174 123633 115004 119463 119894 128922 132250 136709 136808 141267 145726 141168 133381 137840 136808 147558 153572 158031 162490 152017 157983 162442 166901 156476 157983 167549 175615 176493 180952 185411 180074 184533 172008 176467 176493 186658 195489 199904 204363 208822 199948 204407 191117
100 1762
11829 13591 21052 22814 24576 21052 25566 27328 29090 26846 28608 26846 35870 37632 39394 39716 41478 39716 46851 48613 50988 52750 54512 50988 63706 64337 66099 67861 65468 64337 78976 81466 83228 84990 80738 81466 94180 99456 101218 102980 95942 99456 114931 124144 125906 127668 116693 124144 132682 138459 140221 141983 134444 138459 150051 151387 153149 154911 151813 151387 158107 160803 162565 164327 159869 160803 164248 166719 168481 170243 166010 166719 177688 179450 187451 189213 190975 187451 195843 197605 200862 202624 204386 200862 205015 206777 208539 213948 215710 213948 225956 227718 234898 244836 246598 246091 247853 249615 248360 236660
100 1491
9294 24918 27813 29304 30795 29694 31185 32676 26409 27900 29694 46497 47988 49479 49721 51212 50950 52441 53932 52703 50950 59636 64901 74638 76129 77620 66392 67883 61127 62618 74638 80769 82334 83825 91740 93231 94722 85316 82260 83751 91740 97869 99360 100851 99865 105585 107076 108567 101356 102847 105585 115443 123988 125479 131120 132611 134102 126970 116934 118425 131120 139350 140968 142459 147203 148694 150185 143950 140841 142332 147203 166088 167579 174703 179015 180506 181997 176194 177685 169070 179015 193171 194662 196153 201393 202884 207961 209452 210943 204375 207961 208545 209904 216752 218243 219734 211395 212886 210036 211527
100 1905
7759 7759 12241 14146 16051 22093 22093 25051 30663 32568 34473 30663 40012 41917 41032 42937 41032 51522 53427 55332 60985 60985 68827 70732 73623 75528 73623 86492 93835 95740 97645 93835 103824 105729 112160 114065 112160 120065 125489 127394 129299 125489 142708 148656 150561 152466 148656 160202 162107 160832 162737 160832 166718 168623 168663 170568 168663 182544 186392 188297 190202 186392 192145 194050 200010 201915 200010 204373 206278 208824 210729 208824 218911 220816 222721 226545 226545 233066 238548 240453 242358 238548 255180 257085 258990 257952 257952 269105 278999 280904 282809 278999 283261 285012 286917 288822 285012 295087 296992 298897
100 6306
12603 22239 28545 34851 28839 35783 42089 48395 35145 41451 35783 41042 42046 47006 55909 65377 74113 83339 89645 95951 80419 86725 71683 77989 62215 68521 53312 59618 48352 54658 83339 89587 95893 102199 89636 95942 102248 95155 97016 103322 101851 111477 120790 127096 133402 117783 124089 108157 114463 109628 120790 134118 140424 146730 136191 145484 151790 158096 150361 156667 162973 159021 165327 161404 169158 175464 181770 167710 174016 171633 169158 184336 192440 193510 199816 206122 198746 195627 201933 204515 210821 217127 211342 217648 219631 225937 232243 223954 208239 205052 219631 225688 231724 238030 244336 233235 239541 245847 231994 238300
100 9220
2374 11594 20814 3250 3250 12990 15636 24856 34076 15636 21731 25904 35124 44344 25904 37124 46344 55564 45848 45848 59248 60121 69341 78561 60121 65017 66259 75479 84699 66259 76802 86022 95242 83619 83619 89942 99162 91295 100515 91295 102478 111698 107956 117176 107956 124051 131365 140585 149805 131365 141405 150625 143503 152723 143503 154229 162502 171722 180942 162502 174392 178764 187984 197204 178764 188418 197638 206858 189505 189505 200652 209872 219092 200667 200667 206690 215910 211933 221153 211933 222900 231114 240334 249554 231114 242924 252144 261364 243398 243398 251916 253572 262792 272012 253572 263281 272501 266779 275999 266779
100 124
17029 17153 17277 17029 22160 31213 31337 31461 31213 43377 43501 43625 50769 50769 65454 65578 75305 75429 75305 81058 83190 83314 83438 83190 93062 93186 93310 100395 100395 110930 111054 111772 111896 111772 124490 125547 125671 125795 125547 134622 134746 134870 139782 139782 150106 150230 150354 159854 159854 170091 179744 179868 179992 179744 196819 196943 197067 196928 196928 212562 212686 220550 220674 220550 231629 231753 231883 232007 231883 241021 245145 245269 245393 245145 254721 254845 257763 257887 257763 267114 267238 267362 269340 269340 284140 293616 293740 293864 293616 302262 308472 308596 308720 308472 322617 325023 325147 325271 325023 335617
100 7680
7981 15661 23341 10836 18516 12252 19932 12252 25318 30027 30953 38633 46313 37707 45387 32998 40678 30953 40020 47700 55380 47595 55030 62710 70390 55275 62955 55030 71878 79558 87238 74375 80527 88207 95887 82055 89735 80527 93265 100945 108625 98913 104640 112320 120000 106593 114273 104640 111118 118798 119045 119965 127645 135325 126725 134405 126478 119965 127141 134821 142501 133094 138923 146603 154283 140774 148454 138923 149234 156914 155524 163204 160662 168342 176022 170884 164594 160662 170937 171668 179348 174397 182077 189757 187028 178617 186297 174397 188160 195840 203520 188261 195941 203621 193939 201619 209299 193939 196067 203747
100 8464
11225 17291 25755 34219 17291 29085 37549 46013 36401 44865 44467 52931 61395 53329 44467 55608 64072 59661 63189 71653 80117 68125 76589 72536 63189 76240 81896 86211 94675 103139 90360 98824 84704 93168 86211 99247 101786 110250 118714 107711 116175 101889 110353 118817 101889 110613 119077 112177 117242 125706 134170 120641 129105 127541 117242 120327 124298 132762 132320 140784 149248 141226 128791 137255 132320 135360 143824 152288 136472 144936 141898 150362 158826 153400 141898 154037 161959 162088 170552 179016 170423 178887 162501 170965 162088 163910 172374 180838 169570 176199 184663 193127 178034 186498 176199 185155 193619 202083 193010 201474
100 6595
1675 15423 20134 26729 33324 20134 29706 36301 42896 37937 37937 46805 53400 59995 49754 49754 61472 66956 73551 80146 66956 72006 78601 81414 88009 81414 93285 99457 106052 112647 99457 111985 115065 121660 128255 115065 122985 126097 132692 139287 126097 143510 150105 147121 153716 147121 154895 164343 170938 177533 164343 180432 185352 191947 198542 185352 201493 202300 208895 215490 202300 216841 223436 230031 225050 225050 238862 245457 246864 253459 246864 255105 261700 268295 256926 256926 275320 281915 283050 289645 283050 294723 301318 295074 301669 295074 307818 314413 310051 316646 310051 319339 325106 331701 338296 325106 331685 339784 346379 352974
100 7335
7585 14920 16609 23944 16609 25094 32572 37812 46101 53436 60771 50453 57788 54072 62328 69663 76998 61407 68742 65123 45147 52482 39907 47242 62328 71552 78887 73978 81313 88648 79877 82722 90057 97392 89915 90424 95748 103083 110418 97759 105094 97250 104585 87212 95748 99019 106221 110680 118015 118702 122800 130135 137470 125886 133221 140556 126037 133372 131404 138739 146074 125350 113556 120891 131404 146580 153915 161250 152568 157103 165985 174578 181913 189248 178109 184508 191843 199178 185444 192779 173320 180655 164438 171773 184508 196444 197477 202896 209957 212550 219885 227220 217292 224627 210231 217566 204812 212147 203779 211114
100 2569
16213 22612 26849 29418 31987 25181 27750 18782 26849 35557 38126 40695 42457 45026 47595 42483 45052 47621 51000 53569 56138 60855 63424 65993 62788 65768 68337 70906 65768 70840 77088 79657 82226 73409 75978 80304 82873 84107 86676 92700 95269 100159 102728 105551 108120 110689 105297 97838 105551 114851 117420 119989 122237 124806 127375 131554 134123 136692 139614 142183 144752 143920 146489 149058 145692 148261 150830 147680 147680 155688 158257 161779 164348 171680 175936 177283 184362 186931 192125 194694 197263 189500 179852 182421 178505 181074 174249 176818 192125 201847 209900 212469 215038 219804 222373 227831 230400 232969 224942 204416
100 2219
15989 24814 27033 29252 18208 20427 24814 34493 36712 38931 42485 51176 53395 55614 44704 46923 51176 65713 67932 71796 74015 77702 79921 82140 76234 70151 77702 86718 88937 89072 96069 98288 100507 91291 93510 91156 96069 105989 113585 115804 116759 118978 121197 118023 108208 110427 116759 128319 130538 132757 131742 134461 136680 138899 133961 136180 134461 138824 141043 146496 148715 149545 151764 153983 150934 143262 149545 159125 161344 163563 166810 169029 171248 168984 171203 173422 168984 183044 185263 187482 184280 186499 188688 190907 193126 188718 188688 198533 200752 201395 209243 211462 213681 203614 205833 202971 209243 215891 218110 220329
100 9317
11007 20324 29641 11007 21765 25959 28338 37655 46972 35276 44593 34750 44067 53384 31082 40399 41899 51216 43326 44023 53340 62657 52643 44023 59192 63416 72733 82050 68509 67229 76546 85863 68559 71075 80368 89685 81373 90690 100007 99002 80392 89709 77876 81373 90562 97775 107092 105294 108728 118045 127362 114611 123928 114961 124278 133595 115018 115053 124370 133687 124335 133652 116409 115053 128590 137907 133512 140694 141138 141423 148116 157433 150464 159781 169098 166750 150740 160057 150455 159772 150011 159328 142829 150464 164209 173526 182843 169910 179227 188544 171370 177342 186659 195976 183178 192495 191420 200737 210054 201812
100 3761
8036 11797 10216 14401 18162 21923 21385 25146 28907 13977 21385 23708 28755 32516 36554 39156 40894 44655 48416 43756 46859 50620 54381 47517 51278 42917 46678 40315 44076 36277 46859 58055 61816 65577 65766 69527 73288 72007 77710 86897 88955 92716 96630 100391 104152 96477 90658 94419 81471 85232 96630 113957 117718 114020 117781 121542 114331 118092 123854 129016 135576 139337 136197 139958 143719 143098 132777 136538 127615 131376 136197 146048 149809 152961 153152 156913 157355 161721 163006 166767 170528 165065 168826 172587 165482 169243 161116 164877 160674 156722 165065 182971 186732 184526 194150 197911 201672 188287 192048 190493
100 969
8217 9186 10155 8217 15676 16645 25413 26382 28466 29435 30404 27351 17614 28466 36242 37211 36954 37923 38892 38180 37708 38677 39646 37708 39235 40204 41173 48281 49250 55374 56343 57312 50219 55374 58559 62587 63556 64525 70074 71043 72012 59528 60497 70074 80800 81769 85849 91392 92361 93330 86818 87787 82738 91392 98160 99129 108079 109048 110017 110350 111319 112288 100098 110350 125852 133564 141056 142025 142994 134533 135502 126821 127790 141056 147794 148763 149732 153755 154724 155685 156654 157623 155693 155685 169871 170840 179617 182533 183502 184471 180586 181555 171809 182533 193900 200286 201255 202224 194869 195838
100 6564
8092 14656 8092 12260 20464 27028 33592 20464 32849 35611 42175 48739 35611 45763 50136 56700 63264 50136 58382 60519 67083 73647 60519 75787 76725 83289 89853 76725 91690 98254 104818 95260 95260 104992 111556 118120 112573 112573 113991 117831 124395 130959 117831 130255 133594 140158 146722 133594 141274 147838 141387 147951 141387 149771 152919 159483 166047 152919 162617 171541 178105 184669 171541 179129 187796 194360 200924 187796 198641 203174 209738 216302 203174 211658 218222 224786 214048 214048 228260 234824 237419 243983 237419 250831 254594 261158 267722 254594 264661 271225 277789 267853 267853 275762 282326 280361 286925 280361 297463 304027
100 4655
4681 4681 15300 19955 19108 23763 28418 20444 25099 29754 24610 20444 33393 38048 42703 41713 50210 54865 59520 46368 51023 50210 66277 66560 66749 71404 76059 71215 75870 70932 75587 66749 68999 73654 78309 74352 82204 86859 91514 79007 83662 82204 93888 99655 105951 110606 115261 104310 108965 98543 103198 105951 116673 124527 128745 133400 138055 129182 133837 121328 125983 128745 134722 139377 141531 146186 150841 147640 152295 156950 144032 147640 154453 164301 168956 171199 175854 180509 173611 159108 163763 171199 187009 191664 190380 192968 197623 202278 195035 199690 196319 192968 197524 207226 211881 215762 220417 225072 216536 202179
100 5970
10785 10785 25052 34197 40167 46137 34197 36339 39327 45297 51267 39327 47823 53793 59763 57133 57133 65672 71642 69020 74990 69020 82231 88201 84806 90776 84806 100705 106675 102681 108651 102681 104407 112280 118250 124220 112280 118578 124548 130518 127205 127205 138198 144168 142497 148467 142497 159953 168892 174862 180832 168892 181655 187625 187984 193954 187984 200152 206122 212092 208710 208710 212385 216902 222872 228842 216902 231528 237498 243468 237099 237099 253419 259389 265359 256780 256780 262940 263492 269462 275432 263492 279052 284240 290210 296180 284240 295496 301466 303236 309206 303236 310733 316703 314771 320741 314771 317290 323260 329230
100 9479
7247 16726 13378 22857 32336 13378 15536 19258 26636 36115 45594 28737 38216 25015 34494 26636 41232 47077 50303 59782 69261 56556 66035 50711 60190 50303 58863 68342 59391 65484 74963 84442 68870 78349 77821 65484 74892 76637 86116 95595 76786 86265 95744 84371 93850 76786 90999 100478 109957 100269 108122 117601 127080 109748 119227 108122 123615 126304 136000 145479 154958 135783 145262 133094 142573 136000 141292 146715 154242 163721 173200 156194 165673 150771 160250 154242 161888 171367 171461 172716 182195 191674 180940 190419 180846 172716 182581 191836 201315 210794 192060 201539 201148 210627 220106 201148 211053 215545 225024 234503
100 381
11724 18719 19100 19481 19789 20170 20551 19789 23518 23899 24280 25077 25458 30754 31135 31516 25839 37853 39262 39643 40024 44778 47987 48368 48749 45159 45540 47987 55370 56931 57312 57693 55751 56132 58357 67787 68168 68549 70763 71144 73167 79802 80183 80564 73548 73929 71525 79802 90076 90457 97315 103614 103995 105674 106055 110227 120109 126750 127131 127512 120490 120871 110608 110989 106436 104376 97696 126750 129289 133850 136589 136970 137351 134231 134612 141057 147227 147608 153480 153861 154948 155329 155710 154242 147989 141438 141819 154948 166702 167284 167802 173176 173557 173938 168183 168564 167665 168046 167083 167464
100 5453
11824 11824 23538 28991 34444 24372 31472 36925 42378 29825 35278 31472 40145 45598 48526 57831 63284 68737 53979 59432 51051 57831 64411 67700 73153 78606 71180 76633 82086 69864 75317 71180 86806 92259 86952 92405 88482 93935 99388 97858 97712 88482 90938 96391 94057 96505 101958 107411 99510 104963 101844 96505 109044 114497 113410 117662 123115 128568 118863 124316 119950 117662 119013 124466 129919 123631 129084 134537 124440 129893 135346 124440 126949 134133 139586 138473 143926 149379 145039 132402 137855 138473 147132 152585 151176 160249 165702 171155 156629 162082 158038 160249 168974 174427 175154 180607 183982 189435 194888 186060
100 6863
6478 13341 6986 13849 6986 17199 21792 28655 35518 21792 32865 39728 37064 43927 37064 51303 58166 60411 67274 60411 68729 75592 76279 83142 76279 85000 94615 101478 108341 94615 108223 117344 124207 131070 117344 131897 137728 144591 151454 137728 154194 161057 158736 165599 158736 175225 182933 189796 196659 182933 192063 198926 201905 208768 201905 207940 214803 212183 219046 212183 219015 225878 232741 221013 221013 233932 240795 241643 248506 241643 248079 254942 256816 263679 256816 274548 281411 279329 286192 279329 288223 295086 293777 300640 293777 305880 312743 315436 322299 315436 322964 329827 330353 337216 330353 340114 344637 351500 358363 344637
100 1518
8191 8191 15024 15203 16721 18239 15203 32113 41723 43241 44759 41723 47732 48832 50350 51868 48832 65118 66636 68154 69313 69313 76652 78644 80162 81680 78644 89672 99383 100901 102419 99383 109048 116974 118492 120010 116974 126334 127852 129370 135372 135372 152674 153563 155081 156599 153563 165686 165941 167459 168977 165941 182391 187214 188732 190250 187214 193795 195717 197235 198753 195717 206752 208270 210141 211659 210141 216157 222955 224473 225991 222955 230394 230841 232359 233877 230841 239539 248331 249849 251367 248331 256098 265040 266558 268076 265040 282735 284613 286131 287649 284613 293354 300319 301837 303355 300319 304136 305654 307172
100 903
18161 19064 19967 26022 26925 28995 33803 34706 35609 39894 40797 41700 29898 39894 54039 54942 55845 59389 60292 60137 63737 64640 65543 61040 66094 67480 68383 73422 74325 75228 69286 66997 67900 73422 80658 88546 95022 95925 96828 101708 110674 111577 112480 102611 103514 89449 120589 121492 122395 121929 122832 123735 90352 121929 128647 128902 130958 131861 136330 136476 137379 138282 142427 143330 144233 152265 153168 154071 137233 138136 132764 129805 130708 152265 153556 154459 155362 156472 157375 159301 160204 160097 164616 165519 166422 164949 165852 171684 172587 173490 166755 161000 161903 171684 187525 197200 198103 199006 188428 189331
100 1390
6539 7929 6539 13810 23649 25039 26429 15200 23649 31429 36218 37608 38998 32819 36218 46694 50647 52037 53427 48084 50647 66954 68344 69734 69210 70600 69210 78874 84327 85717 87107 80264 84327 94222 98967 100357 101747 95612 98967 111860 112158 113548 114938 113250 112158 123499 124889 128637 130027 131417 128637 137023 137070 138460 139850 138413 137070 148718 148847 150237 151627 150108 148847 164414 165804 167194 172425 173815 172425 175373 176763 178153 178931 180321 178931 185208 185875 187265 188655 186598 185875 192792 194182 196788 198178 199568 196788 204349 211360 212750 215620 216571 217961 219351 217010 218400 222937 224327 225717 214140
100 6301
8786 15087 8786 18771 20825 30771 37072 43373 27126 33427 25072 31373 30771 35606 39236 45537 39799 46100 52401 51838 41907 48208 39799 51912 55257 56895 63196 69497 61558 67859 58213 64514 56895 62746 69627 75928 76353 82654 88955 82229 69047 75348 76353 90630 96931 97679 99116 105417 111718 103980 110281 103232 99116 114002 119447 128978 135279 141580 125748 132049 120303 126604 128978 137637 146500 149781 156082 162383 152801 159102 143938 150239 149781 161536 167837 167964 172785 179086 185387 174265 180566 174138 172785 176613 182998 189299 184874 191175 197476 195600 182914 189215 184874 192180 196158 202459 208760 198481 198727 205028
100 638
8689 8689 12581 21936 22574 23212 13219 21936 35245 42370 43008 43646 35883 42370 57952 58590 65939 66577 67215 65939 75917 83668 84306 84944 76555 83668 93598 94236 94874 101429 102067 101429 105328 108680 109318 109956 105966 108680 122523 125384 126022 126660 123161 125384 135324 139237 139875 140513 135962 139237 148327 148965 149603 157440 158078 157440 164133 170748 171386 172024 164771 170748 180493 181131 181769 184684 185322 184684 201289 201927 202926 203564 204202 202926 212752 213390 214028 220029 220667 220029 238368 239006 242436 243074 243712 242436 244488 247705 257309 257947 264932 265570 266208 258585 248343 272263 272901 273539 248981 245126
100 9178
16527 25705 34883 26201 31687 40865 50043 31687 38457 47635 38786 47964 57142 56813 46388 55566 64744 46388 52965 62143 71321 58896 66629 75807 84985 68074 77252 66629 75231 84409 93587 78612 87790 96968 88497 97675 106853 88497 99193 108386 118300 127478 136656 117564 126742 108371 117549 118300 123278 124392 130596 139774 148952 133570 142748 132456 141634 130596 143019 152197 161375 146109 155287 147733 156911 166089 164465 147733 151638 160816 159976 169154 168045 177223 186401 178332 169994 168045 177660 186838 186322 196214 205392 214570 195500 204678 196016 196214 204819 213997 223175 207494 216672 212723 221901 231079 225850 212723 223973 233151
100 6540
2168 16073 23552 30092 36632 23552 34927 40788 47328 53868 40788 52819 59629 66169 72709 59629 68864 70106 76646 83186 70106 74810 75202 81742 88282 75202 90037 91015 97555 104095 91015 97358 99983 106523 113063 99983 113642 120182 116526 123066 116526 128216 134756 131593 138133 131593 135960 145212 151752 158292 145212 159551 161045 167585 174125 161045 177260 182943 189483 196023 182943 193143 200579 207119 213659 200579 208325 214865 221405 213231 213231 217321 222202 228742 235282 222202 237791 240591 247131 253671 240591 250280 254734 261274 267814 254734 256123 262663 269203 263232 263232 273610 280150 279037 285577 279037 288092 294632 293523 300063
100 3886
9421 11683 15569 19455 13307 11683 22088 29826 33712 39353 43239 47125 37598 25974 29860 39353 55622 60982 61791 65677 69563 64868 68754 59508 63394 61791 78353 82239 87388 95221 99107 102993 91274 95160 86125 95221 106599 109995 113881 111299 115185 119071 117767 110485 114371 111299 119683 128549 135015 138901 142787 132435 136321 123569 127455 135015 146786 148498 149246 153132 157018 152384 156270 150672 154558 149246 158247 162133 166019 167877 171763 175649 173002 176888 180774 173002 182609 186495 186741 190627 194513 190381 194773 198659 202545 194773 201716 205602 207552 211438 216205 220091 223977 215324 209488 216205 223141 227027 224307 228193
100 4584
14530 19114 24509 29093 33677 23698 29967 34551 37104 41688 46272 39135 37882 42466 42927 47511 52095 42927 56889 64012 68596 73180 61473 66057 66568 73686 78270 82854 71152 75736 81613 87763 97746 102330 106914 92347 96931 97746 106101 111195 115779 113153 117737 115381 120389 130117 138756 143340 147924 134701 139285 124973 129557 119965 124549 122321 120363 138756 151155 154274 162563 168736 175582 180166 184750 173320 180970 186999 191583 196167 185554 190138 177904 167147 171731 158858 163442 186999 190967 200681 205265 210366 214950 211409 212782 217366 221950 215993 220577 219534 209849 221309 225203 229787 234371 225893 230477 225203 233113 237697
100 5229
7937 20850 26079 31308 28994 28994 38302 43531 48760 43032 43032 52254 61637 66866 72095 61637 71590 81132 86361 91590 81132 87831 93060 93747 98976 93747 106133 111362 116591 112779 112779 124841 130070 127680 132909 127680 136279 144932 150161 155390 144932 154252 154584 159813 165042 154584 166568 168873 174102 179331 168873 183904 189133 194362 191226 191226 193027 196058 201287 206516 196058 201879 207108 205987 211216 205987 215278 222717 227946 233175 222717 235042 240271 245500 242846 242846 251685 256914 262143 257882 257882 262055 267284 272513 265927 265927 273552 278596 283825 289054 278596 286568 292005 297234 302463 292005 299041 304270 303974 309203
100 3556
8326 15653 23236 26792 30348 23236 33159 42016 45572 49128 42016 52122 55678 58977 62533 58977 65350 66933 70489 74045 66933 72594 77751 81307 84863 77751 92511 95552 99108 102664 95552 102819 110201 113757 117313 110201 128452 132008 135564 138440 138440 143100 146656 150212 144974 144974 155264 155953 159509 163065 155953 172653 173416 176972 180528 173416 182168 185724 189280 184046 184046 195639 199195 200931 204487 200931 220746 224302 226177 229733 226177 237996 242717 246273 249829 242717 248289 254620 258176 261732 254620 257933 261489 265045 260088 260088 262715 266271 270187 273743 270187 272894 276400 279956 283512 276400 285682 294467 298023 301579
100 4850
12469 17319 12469 19711 24561 29411 28986 33836 28986 36594 40111 44961 49811 41444 40111 48970 54239 59089 63939 53820 54239 65824 66720 71570 76420 70674 66720 73997 80497 85347 90197 78847 80497 83923 88773 85243 90093 94943 85243 90379 97940 102790 107640 95229 97940 104867 113124 117974 122824 109717 113124 117938 122788 127638 126471 131321 126471 138605 147670 152520 157370 143455 147670 154364 162162 167012 171862 159214 162162 169636 174486 179336 170342 175192 170342 181528 186378 191228 187829 192679 187829 199289 204139 207997 212847 217697 207997 218585 218746 221624 221746 226706 231556 236406 226596 231446 226474 231324 223596 228446
100 4524
3380 5476 10000 8653 13177 17701 8653 25040 29564 34088 34205 38729 34205 42407 46931 44735 49259 53783 44735 53806 58330 62854 55890 60414 55890 62380 62651 67175 71699 66904 62651 74745 77422 81946 86470 79269 77422 77853 78683 83207 87731 82377 78683 83152 88021 92545 97069 87676 88021 95536 101372 105896 110420 100060 101372 109266 113790 111430 115954 120478 111430 118061 122440 126964 131488 122585 122440 137655 147520 152044 156568 142179 147520 160956 165480 163539 168063 172587 163539 170628 171754 176278 180802 175152 171754 178870 183394 187918 188420 192944 197468 194327 203670 211635 216159 220683 208194 212718 198851 203375
100 9458
406 9864 19322 406 14466 19905 29363 38821 19905 34884 36867 46325 55783 36867 46753 55820 65278 74736 55820 65313 74771 84229 75106 75106 83365 91045 100503 109961 91045 101629 106634 116092 125550 106634 115810 125322 134780 144238 125322 142644 152102 161560 143406 143406 151186 160644 154353 163811 154353 162903 172361 181819 168351 168351 184228 193686 203144 190699 190699 199735 207866 217324 226782 207866 215658 225116 234574 224177 224177 235134 239294 248752 258210 239294 254360 263818 273276 255144 255144 267137 277116 286574 296032 277116 286977 296435 292279 301737 292279 303234 312692 322150 312607 312607 323046 331612 341070 350528 331612 340965
100 9773
10488 10488 21954 31727 41500 29839 29839 34530 44303 42077 51850 42077 52734 62507 72280 60021 60021 69586 79359 89132 70946 70946 83745 87279 97052 106825 87279 92121 101894 101196 110969 101196 107729 114894 124667 134440 114894 131145 132895 142668 152441 132895 143066 146151 155924 165697 146151 160200 169973 164222 173995 164222 175274 185047 194820 184748 184748 194435 199561 209334 219107 199561 210272 215745 225518 235291 215745 222072 227632 237405 247178 227632 238549 238728 248501 258274 238728 244106 253879 252331 262104 252331 263833 269151 278924 288697 269151 278353 288126 297899 281656 281656 297996 307769 300205 309978 300205 312988 322761 332534
100 5429
11287 16421 21850 27279 16421 25881 31310 32459 37888 36874 42303 47732 43317 45508 50937 47129 52558 49563 49567 54996 60425 54992 60421 57987 49567 61704 63334 68763 70480 75909 81338 74192 67133 72562 79353 84123 91450 93835 99264 104693 96879 102308 89552 94981 93835 101537 106966 112395 109508 117777 123206 128635 121142 124971 130400 135829 130830 139784 145213 150642 136259 141688 126571 132000 139784 151724 157153 152430 158741 164170 162377 167806 173235 165772 174071 180959 186388 191817 179500 184929 171201 176630 169599 157859 180959 193154 196772 202201 207630 200836 206265 210757 216186 216455 221884 227313 221615 211694 198583 204012
100 5475
17055 22530 28005 17055 23600 29075 34550 33019 33019 40387 45862 51337 43776 43776 54351 54487 59962 65437 54487 65763 71238 74626 80101 74626 88650 94125 99600 89735 89735 103989 106228 111703 117178 106228 117981 123456 123827 129302 123827 130594 135530 141005 146480 135530 141961 147436 152911 151453 151453 157569 163044 160824 166299 160824 168231 173816 179291 184766 173816 185213 194842 200317 205792 194842 203334 208809 214284 208552 208552 213925 218079 223554 229029 218079 224979 230046 235521 240996 230046 245361 249311 254786 260261 249311 257366 262841 268316 266117 266117 275272 284001 289476 294951 284001 285456 290931 296406 285709 285709 294346
100 4094
1268 5362 7079 11173 15070 23713 27807 31901 19164 23258 15267 23713 39484 43578 47672 48456 50310 54404 58498 54997 59091 62668 71376 80697 84791 88885 75470 79564 66762 70856 63185 80697 88411 94405 98499 99729 106194 109498 113592 117686 110288 116599 120693 124787 114382 103823 107917 117855 121949 126043 102593 117855 122864 124299 128393 127559 131813 132529 137562 139483 143577 147671 141656 145750 136623 140717 135907 140001 131653 135747 132487 139483 152796 156890 154217 163249 167343 171437 158311 162405 160984 171426 172293 180626 184720 188814 176387 180481 190002 194096 198190 190002 197558 203228 209515 213609 217703 207322 211416 201652
100 2593
3999 19490 22083 24676 24402 26995 24402 33561 36154 38747 42833 45426 42833 55359 63238 65831 68424 57952 63238 69415 70827 73420 76013 72008 70827 77350 79943 82536 80739 83332 80739 89959 92552 95145 90588 93181 90588 102222 104815 105452 108045 110638 105452 118563 121156 126993 129586 132179 126993 139800 142393 149366 151959 154552 149366 160216 162915 165508 168101 162809 162915 174155 180398 182991 185584 176748 180398 186271 188864 186707 189300 191893 186707 193494 196087 198680 202253 204846 202253 213610 214158 216751 219344 216203 214158 227256 228657 233747 234433 240740 243333 245926 237026 239619 236340 238933 231250 233843 229849 232442
100 6835
12096 18931 12096 26212 33047 33671 40506 47341 33671 39187 44993 51828 58663 46022 44993 57285 60989 67824 74659 64120 60989 68236 75071 74134 80969 87804 74134 78747 81959 88794 95629 85582 81959 89600 96435 96903 103738 110573 96903 110400 110598 117433 124268 117235 110598 117166 124661 131496 138331 124001 124661 137299 137529 144364 151199 144134 137529 151499 154235 161070 167905 158334 154235 164568 171620 178455 185290 171403 171620 184312 186404 193239 200074 191147 186404 197856 206035 212870 219705 204691 206035 216709 218848 225683 232518 223544 218848 231960 238795 245630 232548 235482 242317 249152 235964 239411 246246 253081 242799 249634
100 8356
239411 239778 247767 242951 256123 251146 253259 259502 260041 267858 265715 267822 274071 272094 282427 278164 278227 286520 278940 294876 279070 288865 287426 291616 295782 292019 296290 300375 300829 308731 301855 309572 310211 318991 318567 326819 327175 335175 335638 343531 342044 351034 350400 353703 358756 355252 358632 363608 364763 371964 365324 367059 373680 373556 382036 377288 383568 385644 388528 394000 395392 397344 403748 404409 412104 405543 413563 413899 417042 422255 425239 429739 433595 433011 441951 433958 435211 442314 439104 450670 444588 446866 452944 454826 461300 456079 462535 464435 470850 472791 476916 479776 485272 483431 493628 488516 489275 496872 496309 505228
100 1000000
334128 347011 873068 149659 564275 41019 38511 386791 907404 729886 881915 598204 289697 120896 971995 155789 243723 246530 477647 1000000 301087 628520 337357 324060 969436 535543 179404 82693 635829 453273 309538 486308 316635 182605 635966 880910 739975 674476 267700 647378 920713 665966 245581 210409 786861 733927 366197 30583 496808 360195 284287 797895 505066 137996 121954 474501 189890 301357 557194 825718 270982 383083 312025 103968 1000000 464342 1000000 822013 138817 768928 469390 575881 434894 231322 786289 738106 965248 668837 285041 462055 29031 85679 259949 534096 740026 898255 524949 1000000 715963 598494 755633 503296 981576 584010 607264 63614 48351 108492 885626 1000000
