100
100 0
673297 673297 673297 673297 673297 673297 673297 673297 673297 673297 673297 673297 673297 673297 673297 673297 673297 673297 673297 673297 673297 673297 673297 673297 673297 673297 673297 673297 673297 673297 673297 673297 673297 673297 673297 673297 673297 673297 673297 673297 673297 673297 673297 673297 673297 673297 673297 673297 673297 673297 673297 673297 673297 673297 673297 673297 673297 673297 673297 673297 673297 673297 673297 673297 673297 673297 673297 673297 673297 673297 673297 673297 673297 673297 673297 673297 673297 673297 673297 673297 673297 673297 673297 673297 673297 673297 673297 673297 673297 673297 673297 673297 673297 673297 673297 673297 673297 673297 673297 673297
100 0
14901 20198 20198 20198 24341 24341 24341 34212 38023 39454 45846 46354 46354 46354 50428 50428 50428 45846 45846 39454 39454 38023 38023 34212 34212 14901 14901 50429 54781 57298 57298 59376 59376 65032 74204 74204 74204 79113 79113 79113 65032 87556 90944 91318 91318 91318 90944 90944 87556 101276 101276 110101 110101 110101 110624 113531 113531 113531 114519 123099 123099 131157 131157 138854 138854 138854 144243 144243 145516 145516 146746 146746 146746 154550 154550 159227 159227 159227 154550 145516 144243 131157 164391 164852 164852 164852 164391 164391 123099 114519 114519 110624 110624 101276 87556 65032 59376 57298 54781 54781
100 0
1837 5116 9101 9101 9101 5116 5116 1837 1837 9102 12071 12071 12071 13258 13258 18280 21272 21272 21272 29318 29318 30290 30290 30290 29318 18280 18280 13258 33178 33178 36242 36437 36437 36437 36242 36242 33178 36438 46199 46199 52360 52360 61798 61798 61798 70342 70342 70342 52360 46199 78008 83974 87071 87071 87071 83974 83974 78008 78008 87072 90663 91421 94352 94352 96243 96243 96243 94352 99879 99879 99879 91421 104643 104643 114515 114515 114515 104643 91421 90663 90663 124211 124211 124211 129370 129370 130272 130272 130272 129370 136566 141320 146656 146656 146656 141320 141320 136566 136566 146657
100 0
8917 8917 8917 8918 11483 11483 11483 11484 20497 20497 20497 20498 26259 26259 26259 26260 33393 33393 33393 33394 41745 41745 41745 41746 44887 44887 44887 44888 54044 54044 54044 54045 61923 61923 61923 61924 70245 70245 70245 70246 79789 79789 79789 79790 83727 83727 83727 83728 92794 92794 92794 92795 100390 100390 100390 100391 101956 101956 101956 101957 105222 105222 105222 105223 110844 110844 110844 110845 113256 113256 113256 113257 116344 116344 116344 116345 118305 118305 118305 118306 127176 127176 127176 127177 135339 135339 135339 135340 136457 136457 136457 136458 139754 139754 139754 139755 140396 140396 140396 140397
100 0
10214 19843 19843 20135 20135 20135 19843 27605 27605 27605 34836 42622 49824 53829 53829 53829 49824 49824 42622 42622 63545 63545 72301 72301 75421 75421 75421 72301 63545 81529 88949 88949 88949 95996 95996 99686 109069 109069 109069 99686 113717 113717 113717 115594 116582 116582 125463 125463 125463 116582 126490 126490 133519 133519 142215 142215 142215 151639 151639 151639 157901 161096 161096 167688 167688 167688 161096 169020 169020 169020 170299 170299 170299 173453 175325 184584 184584 184584 175325 175325 185335 185335 194363 196832 200108 200108 200108 196832 196832 194363 209381 217104 217104 225380 232563 232563 232563 225380 225380 217104
100 0
1 1 1 4 4 4 7 7 7 10 10 10 13 13 13 16 16 16 19 19 19 22 22 22 25 25 25 28 28 28 31 31 31 34 34 34 37 37 37 40 40 40 43 43 43 46 46 46 49 49 49 52 52 52 55 55 55 58 58 58 61 61 61 64 64 64 67 67 67 70 70 70 73 73 73 76 76 76 79 79 79 82 82 82 85 85 85 88 88 88 91 91 91 94 94 94 97 97 97 320793
100 0
7474 9420 18028 18028 18028 9420 19058 19058 19058 9420 23915 23915 28093 28093 28093 33872 33872 33872 23915 33873 33874 36560 43623 43623 51493 51493 51493 43623 36560 36560 51494 53714 53714 55243 55243 65068 65068 65068 55243 53714 74362 74362 78230 87966 87966 87966 78230 78230 74362 87967 90133 90133 96476 96476 106046 106046 106046 96476 90133 106047 106048 107348 109311 113480 113480 113480 109311 109311 107348 107348 122414 124167 124167 124167 122414 122414 124653 124653 124653 124654 124655 128832 128832 128832 135363 135363 141628 141628 141628 135363 150404 151842 153784 153784 153784 151842 151842 150404 150404 153785
100 0
13663 13663 13663 21882 21882 31070 31070 31070 38269 38269 47239 47239 47239 38269 47239 53747 53747 53747 54838 61853 61853 61853 54838 54838 61853 73060 73060 73060 73313 80743 80743 80743 73313 73313 80743 92213 93902 93902 93902 97314 97314 97314 92213 92213 97314 101601 101601 107961 117678 117678 117678 107961 107961 101601 117678 129044 129044 137516 137516 137516 146677 146677 146677 129044 146677 154004 163981 173214 173214 173214 163981 163981 154004 154004 173214 180851 187974 195215 195215 195215 187974 187974 180851 180851 195215 208482 215054 215054 218475 218475 218475 215054 208482 208482 218475 222335 222335 224834 224834 224834
100 0
8024 8024 8944 9444 9444 9444 8944 8944 8024 9444 17202 23353 24186 24186 24186 23353 23353 17202 17202 24186 25249 26132 34867 34867 34867 26132 26132 25249 25249 34867 40337 40337 40337 43007 43007 52992 52992 52992 43007 52992 66091 66091 67294 67581 67581 67581 67294 67294 66091 67581 77671 77671 77671 86997 86997 92472 92472 92472 86997 92472 107064 115511 115511 115511 107064 116227 116227 116227 107064 116227 130987 132701 132701 132701 139528 139528 139528 130987 130987 139528 149660 151995 158151 158151 158151 151995 151995 149660 149660 158151 166629 169086 171371 171371 171371 169086 169086 166629 166629 171371
100 0
10331 10331 10331 10331 24277 24277 24277 24401 26025 27352 27352 27573 27573 27573 27352 26025 27732 27732 27732 37498 37498 37498 26025 37498 51429 56940 60559 62525 62525 69635 69635 76867 76998 76998 76998 76867 76867 69635 62525 60559 60559 56940 56940 76998 85199 86948 86948 86948 88482 88482 90173 90173 94379 98477 98477 98477 94379 94379 104762 104762 104762 90173 88482 104762 112586 112586 121310 124767 124767 131366 138396 143883 143883 143883 138396 144580 144580 144580 138396 131366 131366 124767 121310 144580 151840 161106 161106 165710 165710 171114 171114 171114 174612 174612 174612 165710 161106 179284 179284 179284
100 0
983 8261 8261 16046 16046 19929 19929 19929 16046 8261 19929 32632 32632 32632 32921 32921 39128 39128 39128 32921 39128 55239 60878 64964 64964 64964 60878 60878 55239 55239 64964 79967 79967 79967 89524 89524 89524 98873 98873 98873 98873 99993 101195 106588 106588 106588 101195 101195 99993 99993 106588 110201 110201 112910 112910 112910 110201 113598 113598 113598 113598 124532 124532 124532 126416 126416 132385 132385 132385 126416 132385 142878 151107 158059 158059 158059 151107 151107 142878 142878 158059 167965 167965 171503 173036 173036 173036 171503 171503 167965 173036 179542 179542 179542 187073 187963 187963 187963 187073 187073
100 0
8467 8467 18071 27597 27597 27597 18071 36069 36069 36069 18071 36069 49512 49512 49512 58081 58081 58081 61672 61672 61672 61672 76420 76420 84719 84719 91913 91913 91913 84719 76420 91913 99498 99498 104217 109199 109199 109199 104217 104217 99498 109199 121359 127401 127401 129122 129122 129122 127401 121359 121359 129122 145147 154774 154774 154774 163108 163108 163108 145147 145147 163108 176585 181718 181718 181718 187835 187835 187835 176585 176585 187835 197650 201773 201773 201773 208235 208235 208235 197650 197650 208235 216714 221159 221159 227323 227323 227323 221159 216714 216714 227323 232213 238332 238332 239920 239920 239920 238332 232213
100 0
10379 15077 15158 15158 15158 15077 15077 10379 15158 21303 21303 21612 25198 25198 25198 21612 21612 21303 25198 37124 37124 42471 46592 46592 46592 42471 42471 37124 46592 58434 58434 64213 64213 64213 66955 66955 66955 58434 66955 77163 77163 77163 82063 82063 83395 83395 83395 82063 83395 98122 98122 98122 103295 103787 103787 103787 103295 103295 103787 107428 107629 107629 107629 117435 117435 117435 107428 107428 117435 124462 131001 134715 134715 134715 131001 131001 124462 124462 134715 141605 142915 142915 149124 149124 149124 142915 141605 141605 149124 157901 166842 169999 169999 169999 166842 166842 157901 157901 169999 178282
100 0
10270 14226 14226 14226 15473 15473 15473 10270 10270 15473 24929 24929 27264 34258 34258 34258 27264 27264 24929 34258 48503 48503 48503 52286 52286 52286 60476 60476 60476 60476 70991 80676 83666 83666 83666 80676 80676 70991 70991 83666 96576 106528 106528 108686 108686 108686 106528 96576 96576 108686 112236 115658 115658 125086 125086 125086 115658 112236 112236 125086 130900 130900 138798 138798 146829 146829 146829 138798 130900 146829 149171 149786 149786 149786 149171 156456 156456 156456 149171 156456 168211 168211 168211 172988 173732 173732 173732 172988 172988 173732 185742 185742 195500 202881 202881 202881 195500 195500 185742 202881
100 0
6636 13798 19833 19833 19833 13798 24915 24915 33404 33404 33404 24915 40616 40616 48817 49047 49047 49047 48817 48817 49047 66244 71303 77007 86551 86551 91600 93684 102097 102097 102097 93684 93684 91600 91600 86551 77007 77007 71303 71303 102097 114038 114038 117176 123517 123517 123517 123949 123949 123949 132649 132649 132649 117176 140086 143031 143031 143031 140086 140086 143031 154081 159259 166532 166532 166532 159259 169622 169622 172200 172200 172200 169622 159259 178429 178429 179639 179639 179639 178429 179639 187915 190317 191341 191341 191492 191492 191492 197863 203152 209316 209316 209316 203152 203152 197863 197863 191341 190317 190317
100 0
3073 18557 28102 28102 28102 28102 45529 45529 45529 55297 55297 71953 71953 71953 72720 72720 82184 82184 82208 82208 82208 91440 91440 98269 98269 98269 108103 109389 109389 109389 109389 119646 119646 126848 126848 126848 134205 134205 135831 135831 135831 150306 150306 150306 152427 152427 153330 153330 156968 156968 156968 167460 167460 167460 172384 172384 175983 182152 182152 182152 182152 186055 186055 186055 195120 195120 210875 210875 210875 217765 217765 227630 227630 236965 236965 236965 247404 247404 250276 250276 250276 253126 253126 253126 256399 256399 264767 269370 269370 269370 269370 284247 284247 285446 285446 285446 296709 296709 296709 302122
100 0
7567 13436 14564 14564 14564 13436 14564 30929 30929 30929 33930 33930 33930 46202 51971 51971 51971 46202 51971 56399 56399 63644 63644 63644 63644 71682 71682 71682 79165 79165 79165 95526 95526 95526 105013 105013 105013 117593 127562 127562 127562 117593 127562 136886 136886 136886 137983 137983 137983 143977 143977 147679 147679 147679 147679 152402 152402 153268 153268 153268 153268 165579 165579 165579 170722 170722 170722 178094 178094 186953 186953 186953 186953 201750 201750 201750 208574 208574 208574 218473 224435 224435 224435 218473 224435 235520 235520 244730 254416 258405 258405 259611 259611 259611 258405 254416 254416 244730 244730 235520
100 0
10570 10570 10570 18622 18622 18622 18770 19963 19963 19963 18770 18770 20547 24819 24819 24819 24819 33260 41649 41649 41649 50164 55797 58227 58227 61314 61314 65205 65205 65205 61314 58227 55797 55797 50164 50164 65205 71503 78604 86838 91980 96459 96459 96459 102617 111153 111153 111153 102617 102617 91980 91980 86838 86838 78604 78604 111153 113503 113503 123468 123468 123468 126834 126834 126834 128110 131154 135249 135249 135249 139919 139919 139919 131154 131154 128110 139919 158777 163147 165650 175550 183553 183553 183893 188855 188855 188855 183893 183893 183553 175550 175550 165650 165650 163147 163147 188855 196524 196524 196524
100 0
6999 6999 6999 16664 21449 24291 32204 32204 32204 24291 24291 21449 21449 32204 46289 46289 55006 56397 58507 58507 67195 67195 73228 79496 79496 79496 73228 73228 67195 58507 56397 56397 55006 79496 89151 89151 89151 92989 92989 92989 96490 96490 104560 104560 104560 96490 107461 107461 107461 111774 111774 113828 113828 113828 122110 122110 122110 128541 128541 131004 136708 143370 143370 143868 143868 144218 144218 144218 143868 143370 136708 136708 131004 144218 152866 152866 152891 152891 152891 153013 161046 169221 179073 183046 183046 183046 179073 179073 169221 169221 161046 161046 153013 183046 189122 190569 190569 190569 189122 189122
100 0
6219 18638 21349 21349 21349 21349 27547 33499 33499 33499 33499 35084 41660 41660 41660 41660 47926 53610 53610 53610 53610 65200 65200 67564 67564 67564 74084 74084 74084 76206 76206 89097 91146 91146 91146 91146 102628 102628 102628 104219 104219 117863 117863 124351 124351 124351 133942 143866 143866 143866 143866 151552 151552 152507 152507 152507 163132 168927 168927 168927 168927 185989 195809 195809 195809 195809 206208 210455 210455 210455 210455 220994 225318 225318 225318 225318 238602 239738 239738 239738 239738 247500 254024 254024 254024 254024 264377 264377 264377 271203 271203 282865 282865 282865 288020 288020 301485 301485 301485 303487
100 0
5714 5714 11854 11854 11854 13790 13790 19111 19111 19111 19111 31377 39027 39027 39027 31377 39027 44466 44466 44466 47724 47724 47724 56327 56327 56327 58973 58973 58973 64356 64356 70972 70972 70972 70972 87659 87659 89563 89563 89563 89563 94031 94031 99578 99578 99578 99578 106399 106583 106583 106583 106399 106583 113422 118080 118080 118080 113422 118080 129395 129395 129395 138510 138510 138510 150714 157542 157542 157542 150714 157542 168801 168876 168876 168876 168801 168876 179366 188530 188530 188530 179366 188530 200079 205170 205170 205170 200079 205170 213691 215233 215355 218658 218658 218658 215355 215355 215233 215233 213691
100 0
13192 13192 13192 13192 19358 28019 35863 35863 35863 28019 28019 19358 19358 35863 45487 48625 55034 55034 55034 48625 48625 45487 45487 55034 64629 73409 73409 76541 76541 76541 73409 64629 64629 76541 85097 85097 85103 85103 85103 93514 93514 93514 85097 93514 98053 103699 103699 103699 105680 105680 105680 98053 98053 105680 118714 127126 127126 127126 137045 137045 137045 118714 118714 137045 147563 147563 147563 155359 155359 155359 157920 157920 157920 157920 167795 177141 178828 178828 178828 177141 177141 167795 167795 178828 186603 193065 193065 198630 198630 198630 193065 186603 186603 198630 211321 213727 213727 213727 211321 211321
100 0
14939 14939 25085 25882 25882 25882 25882 40995 45068 45068 45068 45068 54751 55803 55803 55803 55803 62141 64178 64178 64178 64178 73954 80549 80549 80549 80549 91094 96555 96555 96555 96555 101261 101261 103869 103869 103869 113191 113191 113191 115766 115766 125522 127348 127348 127348 127348 135865 135865 144986 144986 144986 158751 166375 166375 166375 166375 174628 178378 178378 178378 178378 190532 190532 190532 196578 196578 211740 215876 215876 215876 215876 220647 220647 220647 224072 224072 240324 240324 243273 243273 243273 258111 263190 263190 263190 263190 271955 271955 271955 280706 280706 296137 296462 296462 296462 296462 304434 304434 304434
100 0
15532 19939 19939 19939 19939 33477 36992 36992 36992 33477 36992 48872 58570 58570 58570 48872 58570 61431 70943 70943 70943 61431 70943 81312 88009 88009 88009 81312 88009 94689 96657 96657 96657 94689 96657 109699 109699 109699 116824 116824 116824 120496 127165 127165 127165 120496 127165 135123 139958 139958 139958 135123 139958 153532 157451 157451 157451 153532 157451 167287 167287 167287 168803 168803 168803 175324 175324 175324 184361 184361 184361 189073 189073 194378 194378 194378 194378 208523 208523 217207 217207 217207 217207 220480 221049 221049 221049 220480 221049 230007 233181 233893 237131 237131 237131 233893 233893 233181 233181 230007
100 0
10104 10104 24523 24523 25081 25081 25081 30590 35707 35707 38208 38208 38208 47815 47815 47815 35707 30590 57590 57590 57590 57590 71458 71458 79141 84406 84406 84406 90725 90725 92309 97583 100755 100755 100755 97583 97583 92309 92309 90725 79141 100755 110369 110369 110369 113654 116151 120963 127441 134714 134714 142311 142311 142311 134714 127441 127441 120963 120963 116151 116151 142311 154749 154749 155010 155010 155010 154749 157604 162116 162116 162116 168640 168640 168640 157604 175385 175385 175385 157604 175431 175431 186693 189008 189955 189955 194736 194736 194736 189955 198478 207643 207643 207643 198478 198478 189008 189008 186693 186693
100 0
13923 23577 23577 23577 13923 23577 35661 35661 43663 43663 43663 43663 54742 63889 63889 63889 54742 63889 75101 84874 84874 84874 75101 84874 92817 92817 100139 100139 100139 100139 109109 114324 114324 114324 109109 114324 125210 125210 125210 129915 129915 129915 141359 141359 148222 148222 148222 148222 154486 159451 159451 159451 154486 159451 176103 176103 185645 185645 185645 185645 201890 205663 205663 205663 201890 205663 211791 211791 218849 218849 218849 218849 228952 230875 230875 230875 228952 230875 241270 241388 241388 241388 241270 241388 254915 254915 254915 257173 257173 257173 270640 279784 279784 279784 270640 285722 290121 290121 290121 285722
100 0
5776 5776 17924 25408 25408 34488 34488 41289 48906 48906 48906 54669 55115 55115 55115 54669 54669 41289 41289 34488 25408 55115 68716 72047 72047 74445 81047 84034 88557 88557 88557 84034 84034 96180 96180 96180 81047 81047 74445 74445 72047 96180 109911 109911 110341 111796 111796 115364 121949 121949 121949 115364 115364 125266 125266 125266 130615 130615 130615 111796 110341 130615 141428 141428 149069 149069 157803 157803 163336 163336 163336 168374 168374 173199 173199 173199 168374 180518 180518 180518 157803 180518 191987 191987 191987 199192 199192 208097 208097 208097 218010 225382 228571 228571 228571 225382 225382 218010 218010 199192
100 0
861 861 861 9004 13223 13223 13223 13223 23627 25322 25322 25322 25322 28842 36346 36346 36346 36346 45405 53336 53336 53336 53336 62411 62411 66553 66553 66553 79277 79277 83697 83697 83697 88633 88633 91718 91718 91718 106287 106287 106386 106386 106386 119454 119454 119454 127896 127896 130773 140233 140233 140233 140233 147026 147026 147026 153998 153998 165946 165946 175851 175851 175851 183821 193006 193006 193006 193006 203053 203053 204108 204108 204108 207780 212406 212406 212406 212406 222867 222867 222867 229394 229394 239029 240084 240084 240084 240084 243740 248784 248784 248784 248784 265298 265298 270853 270853 270853 278752 278752
100 0
15405 15405 31360 36807 36807 46426 46426 46426 36807 31360 31360 46426 51489 58085 58085 64093 64093 64093 58085 51489 51489 64093 75761 75761 75761 80691 87136 87136 87136 80691 80691 87136 91725 91725 91725 100542 100542 102311 102311 102311 100542 102311 109277 110436 110436 110436 109277 116766 116766 116766 109277 116766 126161 132018 132018 132018 134272 134272 134272 126161 126161 134272 144663 145385 145385 145385 144663 155339 155339 155339 144663 155339 161464 170567 170567 170567 161464 180539 180539 180539 161464 180539 182423 182423 182423 190513 194833 194833 194833 190513 190513 194833 201254 201254 211171 211171 212035 212035 212035 211171
100 0
13379 13379 13379 13379 23051 27843 27843 27843 27843 44946 44946 52572 52572 52572 62043 62043 71824 71824 71824 84253 84627 84627 84627 84627 91312 95582 95582 95582 95582 107831 107831 107831 116647 116647 125977 133521 133521 133521 133521 141936 148157 148157 148157 148157 153305 160341 160341 160341 160341 167051 167051 175858 175858 175858 180132 180132 180132 181529 181529 188169 190467 190467 190467 190467 208969 210027 210027 210027 210027 219475 219475 219475 228692 228692 234677 234677 234677 238896 238896 245341 245341 245341 245384 245384 254315 254315 263195 263195 263195 266319 266319 270598 270598 270598 282649 286822 286822 286822 286822 298644
100 0
8652 19359 20441 20441 20441 25113 25113 25113 31853 31853 36317 39859 45091 45091 45091 39859 39859 36317 36317 31853 45091 50816 53121 58431 58431 65727 65727 66824 76612 76612 82273 82273 82273 76612 66824 66824 65727 58431 53121 53121 82273 86348 92794 101948 101948 101948 105946 110117 117772 119241 119241 119241 117772 117772 110117 110117 105946 105946 92794 92794 119241 130560 130560 140273 140273 146164 155348 155348 160172 160172 160172 155348 160283 160283 160283 168883 168883 168883 146164 146164 168883 179176 179176 179176 182294 186419 188289 188289 188289 189636 199513 209349 209349 209349 199513 199513 189636 189636 186419 186419
100 0
15942 15942 15942 33274 33274 39529 39529 39529 39529 43628 43628 52748 52748 52748 52748 54486 61643 61643 61643 54486 61643 75768 75768 80149 80149 80149 80149 89452 89452 97451 97451 97451 97451 112815 112815 122727 122727 122727 122727 128338 131826 131826 131826 128338 131826 140751 150708 150708 150708 140751 150708 157546 157546 158939 158939 158939 158939 168934 168934 177795 177795 177795 177795 188923 188923 188923 190928 190928 190928 198248 207265 207265 207265 198248 207265 209314 209314 209314 212879 212879 212879 224238 224935 224935 224935 224238 224935 234012 239360 239360 243239 246013 246013 246013 255153 255153 255153 243239 243239 239360
100 0
5398 5398 5398 9425 9425 9425 15660 15660 15660 19194 19194 19194 22941 22941 22941 22941 34417 36569 37403 37403 37403 36569 36569 34417 34417 37403 56085 61270 61270 61270 66662 66662 66662 56085 56085 66662 79035 79035 86942 86942 92325 92325 92325 86942 79035 92325 98935 98935 105610 105610 105610 113225 113225 113225 98935 113225 117226 126118 126118 131013 131013 131013 126118 117226 117226 131013 138578 138578 138578 141951 148509 148509 148509 141951 141951 148509 155683 155683 155683 157935 157935 157935 161920 161920 161920 161920 180096 187117 187117 194740 194740 194740 187117 180096 180096 194740 201174 201767 201767 201767
100 0
12733 19672 19672 19672 12733 19672 26948 27396 37144 37144 37144 27396 27396 26948 26948 37144 46687 46687 46687 48532 48532 55272 55272 55272 48532 55272 71377 71377 71377 80571 85809 85809 85809 80571 80571 85809 96086 96086 96086 98973 98973 104783 104783 104783 98973 104783 121009 130726 130726 139818 139818 139818 130726 121009 121009 139818 142421 145251 149485 149485 149485 145251 145251 142421 142421 149485 157490 157490 157490 159535 159535 159535 167125 167125 167125 167125 177630 177630 177630 179394 179394 182532 182532 182532 179394 182532 189325 189325 189325 193604 195309 195309 195309 193604 193604 195309 197147 199798 199798 199798
100 0
2803 2803 2803 15535 15535 15535 25505 25505 25505 35569 41085 41085 41085 35569 41085 51210 51210 51210 58855 58855 58855 72578 72578 72578 75690 75690 75690 82952 84396 84396 84396 82952 84396 101325 104567 104567 104567 101325 104567 116452 116452 116452 119118 119118 119118 133130 133130 133130 139178 139178 139178 141113 142749 142749 142749 141113 142749 153440 153440 160284 160284 160284 160284 174805 174805 174805 175179 175179 175179 187784 187784 188783 188783 188783 188783 193737 193737 193737 202696 202696 202696 208805 208805 215564 215564 215564 215564 224764 224764 224764 234117 234117 234117 241035 243612 243612 251354 251354 251354 243612
100 0
8936 17680 17680 17680 23816 23816 23816 33706 33706 42754 42754 42754 42754 55751 60234 60234 60234 55751 60234 73060 73060 73060 82244 82244 82244 89972 95297 95297 95297 89972 95297 102806 102806 102806 102822 102822 102822 109734 109734 115384 115384 115384 115384 124597 124597 124597 130367 130367 130367 145599 145599 153335 153335 153335 153335 166830 170719 170719 170719 166830 170719 182082 185246 185246 185246 182082 185246 199626 207317 207317 207317 199626 207317 212887 212887 216085 216085 216085 216085 230210 238960 238960 238960 230210 238960 251449 251449 251449 251658 251658 251658 253033 254987 257822 257822 257822 254987 254987 253033 253033
100 0
6136 7497 7497 7497 6136 13315 16264 16264 16264 22059 25232 25232 25232 22059 22059 13315 13315 25232 40812 41881 44010 47368 47729 47729 47729 51794 54639 54639 54639 51794 51794 47368 47368 44010 44010 41881 41881 54639 62204 62204 63155 72342 72342 72342 81719 91151 91151 91151 81719 96513 99569 99569 99569 96513 96513 81719 63155 99569 106872 106872 106872 110693 110693 110693 116657 122306 122306 122306 116657 116657 123517 123517 130265 130265 130265 131120 131120 131120 143302 143302 143302 148031 154473 154473 161106 168835 176825 182900 182900 182900 176825 176825 168835 168835 161106 161106 154473 182900 185193 185193
100 0
11812 11812 11812 11812 28700 31685 37826 41281 41281 41281 37826 47721 47721 47721 57214 59158 59158 59158 57214 57214 37826 31685 31685 59158 66723 66723 66723 68888 68888 68888 76621 76621 76769 80221 80221 80221 88344 91750 91750 91750 88344 88344 76769 91750 96358 100783 100783 110348 110348 110348 100783 116016 125802 132279 132279 138368 138368 138368 132279 125802 125802 116016 116016 138368 148581 148581 153508 153508 162099 164384 164384 164384 162099 171469 179914 179914 179914 171469 183167 183167 183167 171469 162099 183167 189691 189691 189691 196925 201667 201667 208792 208792 211150 215570 215570 215570 211150 211150 208792 201667
100 0
7547 7547 11311 11311 11311 15537 19798 23430 23430 23430 19798 19798 15537 15537 7547 23430 40362 40362 40362 42602 42602 52115 61948 68759 77299 87237 87237 87237 77299 77299 68759 68759 61948 61948 52115 87237 98594 107382 107382 107382 98594 98594 109660 119181 119181 119181 109660 109660 126027 126027 126027 131715 136362 136362 136362 136362 152007 152007 152007 152040 161042 161042 161042 152040 161500 162427 167298 167298 174445 174445 174445 167298 162427 162427 161500 174445 190938 193124 198358 198358 208196 213078 214016 214016 221007 221007 221007 214016 213078 213078 208196 208196 198358 193124 193124 221007 233837 235797 235797 235797
100 0
17139 26595 33021 33021 33021 37313 39275 39275 39275 48332 48332 48332 37313 37313 26595 26595 48332 56354 56354 56354 64132 64132 64132 69913 69913 69913 74259 74765 75651 83485 83485 83485 75651 75651 74765 74765 83485 97936 97936 97936 106387 106387 115480 122217 122217 122217 115480 124894 129985 129985 129985 139535 139535 139535 124894 124894 139535 153659 161149 161149 169244 170692 173605 179678 184366 184366 184366 179678 179678 173605 173605 170692 170692 169244 169244 161149 184366 188928 188928 192135 192135 201481 201800 203660 207253 215366 215366 215366 207253 207253 203660 203660 201800 201800 201481 201481 215366 220269 220269 220269
100 0
12593 14330 14330 14330 21064 21064 21064 22580 22580 32329 32329 37511 37511 37511 32329 22580 12593 12593 37511 44433 49697 49697 53134 61999 65230 73910 81717 81717 81717 73910 73910 65230 65230 61999 61999 53134 53134 49697 81717 93400 96858 98469 98469 98469 96858 96858 93400 107228 109685 117461 117461 117461 109685 109685 120287 120287 120287 107228 120287 128902 136519 136519 144315 153811 155101 155101 155101 159197 159197 162304 162304 162304 159197 153811 153811 144315 144315 136519 162304 171535 171535 171535 174326 174326 174326 176897 176897 176897 181854 181854 181854 191197 191197 198155 198155 198155 191197 199250 199250 210104
100 0
10989 10989 10989 16946 22316 28980 28980 28980 35831 35831 35831 22316 22316 16946 16946 43730 43730 43730 43730 55555 55555 59700 67128 72620 81022 81022 81022 72620 81743 81810 81810 81810 81743 81743 72620 67128 67128 59700 81810 98597 102414 111390 116863 116863 126586 129574 129574 132864 132864 132864 129574 126586 126586 116863 111390 111390 102414 102414 132864 151413 151413 151413 161118 161118 169223 178392 178392 178392 179901 189035 191401 191401 191401 189035 189035 179901 179901 169223 191401 206014 206014 206014 213149 213149 220006 226872 227370 227370 233683 233683 239699 239699 239699 233683 227370 226872 226872 220006 239699 250700
100 0
12049 12049 20416 20416 20416 20416 23515 23515 23515 32324 32324 32324 37404 46875 46875 46875 37404 46875 51894 57901 57901 57901 51894 57901 62415 62415 72260 72260 72260 72260 84924 84924 90437 90437 90437 90437 94318 94318 99396 99396 99396 99396 109972 115957 115957 115957 109972 115957 126978 133471 133471 133471 126978 133471 142386 142386 142386 149730 149730 149730 161188 161188 162863 162863 162863 162863 169825 169825 177328 177328 177328 177328 188658 194017 194017 194017 188658 194017 205012 205012 205012 205022 205022 205022 214378 223996 223996 223996 214378 223996 233950 241451 250732 252143 252143 252143 250732 250732 241451 241451
100 0
1895 14309 14374 14374 14374 14309 14374 21117 21375 21375 21375 21117 21375 36822 41771 41771 41771 36822 41771 52389 61152 61152 61152 52389 61152 80333 81501 81501 81501 80333 81501 83405 83405 91311 91311 91311 91311 101113 101113 108276 108276 108276 108276 116962 116962 116962 121427 121427 121427 133201 142262 142262 142262 133201 142262 154665 154665 154665 159357 159357 159357 167922 167922 174811 174811 174811 174811 188007 188007 188977 188977 188977 188977 191805 191805 193826 193826 193826 193826 200666 200666 200666 205709 205709 205709 214057 214057 214474 223454 230823 233292 233292 233292 230823 230823 223454 223454 214474 214474 214057
100 0
3606 18227 18227 18227 27613 35669 35669 35669 27613 27613 35669 51072 51072 53017 59125 59125 59125 53017 53017 51072 59125 71940 74662 74662 78024 78024 78024 74662 71940 71940 78024 90816 90816 96821 96821 102783 102783 102783 96821 90816 102783 113385 113385 113385 122166 122861 122861 122861 122166 122166 122861 134620 134620 134620 136435 142560 142560 142560 136435 136435 142560 156121 158643 161883 161883 161883 158643 158643 156121 156121 161883 172751 172751 179804 179804 189212 189212 189212 179804 172751 189212 196152 196152 197773 201351 201351 201351 197773 197773 196152 201351 209701 215409 223252 223252 223252 215409 215409 209701 209701
100 0
5696 10637 20432 20432 20432 10637 20432 34447 35460 35460 35460 34447 35460 37287 38471 38471 38471 37287 38471 47979 47979 47979 49403 49403 49403 66141 66141 68470 68470 68470 68470 74954 74954 83814 83814 83814 83814 95170 101691 101691 101691 95170 101691 112216 112216 112216 116628 116628 116628 133938 139124 139124 139124 133938 139124 140172 143726 143726 143726 140172 143726 150737 159157 159157 159157 150737 159157 168007 168964 168964 168964 168007 168964 176926 176926 176926 178880 178880 178880 179769 183322 183322 183322 179769 183322 195188 200650 200650 204393 206882 206882 210118 210118 210118 206882 204393 204393 200650 195188 195188
100 0
10694 16337 16337 26142 26142 26142 28601 28601 38002 38002 38002 38483 38483 38483 43822 43822 43822 28601 16337 43822 48860 49502 49502 49502 48860 48860 53883 55473 64588 66526 66526 72812 72812 72812 66526 64588 64588 55473 55473 72812 77953 77953 79645 83962 84332 94237 99823 99823 101992 101992 101992 99823 94237 94237 84332 84332 83962 83962 79645 101992 114288 114288 122248 130652 138556 147516 147516 149957 149957 154689 154689 154689 149957 147516 138556 138556 130652 130652 122248 154689 167570 167570 167570 176113 181375 181375 182452 189583 189583 189583 196309 196309 196309 206047 206047 206047 182452 182452 181375 206047
100 0
8563 8563 8563 16423 26125 26125 26125 16423 31754 31754 31754 16423 31754 43976 52082 57104 57104 57104 52082 52082 43976 43976 57104 61694 65368 66978 66978 66978 65368 65368 61694 61694 66978 76389 76389 81664 81664 81664 82707 82707 82707 76389 82707 90548 99610 107529 107529 107529 99610 99610 90548 90548 107529 115452 119747 126932 126932 126932 119747 119747 115452 115452 126932 133145 133145 137438 139516 139516 139516 137438 137438 133145 139516 147296 147296 151486 154532 154532 154532 151486 151486 147296 154532 168444 168444 168444 173934 181147 181147 181147 173934 173934 181147 193237 193890 195638 195638 195638 193890 193890
100 0
6288 7204 7204 8417 8417 18074 18074 18074 18319 18319 18319 25116 30654 30654 30654 25116 25116 8417 7204 30654 41573 41573 51007 59753 60880 62922 64305 74250 74250 74250 64305 64305 62922 62922 60880 60880 59753 59753 51007 74250 90765 90765 99323 103130 103130 103130 99323 99323 90765 111627 117914 123903 127592 127592 127592 123903 123903 117914 117914 127592 140476 140476 140476 148637 148637 155190 165036 165036 165036 174934 174934 174934 155190 155190 148637 181805 181805 181805 183348 183348 199339 209003 214353 214353 224117 224117 233391 242208 242208 242208 233391 233391 224117 214353 209003 209003 250444 250444 250444 250444
100 0
4490 4490 4490 12222 15140 15140 15140 12222 16222 16222 16222 19135 19135 19135 26035 26035 26035 33775 41496 43050 52573 52573 52573 43050 43050 41496 41496 33775 33775 56204 56204 56204 59158 59158 59544 59544 59544 66393 69097 75140 76518 78688 82504 82504 82504 88641 88641 88641 78688 78688 76518 76518 75140 75140 69097 69097 88641 98491 101145 101145 106316 106316 106316 111864 111864 111864 116188 116188 116188 122694 128993 128993 128993 122694 122694 101145 128993 138166 138166 138166 144535 144535 144535 146996 146996 156637 156637 156637 166069 169883 169883 169883 166069 166069 146996 171015 171015 179361 179361 179361
100 0
9550 20762 29308 29308 29308 20762 29308 45127 45127 50541 50541 50541 50541 58216 58216 58216 62760 62760 62760 66851 74856 74856 74856 66851 74856 84509 84509 91418 91418 91418 91418 104262 114050 114050 114050 104262 114050 118429 118429 120427 120427 120427 120427 131160 132156 132156 132156 131160 132156 138353 142021 142021 142021 138353 142021 147899 153942 153942 153942 147899 153942 160429 160429 160429 169823 169823 169823 178786 178786 178786 181036 181036 181036 188228 188228 188228 194075 194075 194075 202654 202654 202654 209949 209949 209949 221053 221053 224155 228369 231123 231940 231940 231940 231123 231123 228369 228369 224155 224155 221053
100 0
2918 2918 2918 14139 19017 24056 24056 24056 19017 19017 14139 14139 24056 37446 41918 41918 48599 48599 48599 41918 37446 37446 48599 64195 69686 69686 79597 79597 79597 69686 64195 64195 79597 88350 88350 88350 97328 97328 97328 98329 98329 98329 98329 114978 114978 114978 119450 120425 120425 120425 119450 119450 120425 130243 130243 130243 135307 135307 135307 135854 135854 135854 135854 147731 151589 160805 160805 160805 151589 151589 147731 147731 160805 169167 169167 169167 177486 181716 181716 181716 177486 177486 181716 196945 196945 203198 203198 203921 203921 203921 203198 196945 203921 216393 216393 222665 222665 230637 230637 230637
100 0
12755 12755 16072 16072 16072 16235 18005 18005 18005 16235 16235 18005 26724 26724 36352 36352 36352 26724 37072 37072 37072 37072 41352 41352 41352 50565 52263 52263 52263 50565 50565 52263 59088 59762 59762 61387 61387 61387 59762 59088 59088 61387 67461 68832 69488 69488 69488 68832 68832 67461 67461 69488 79270 83198 83198 83198 79270 79270 87984 87984 87984 87984 95585 95585 100794 100794 100794 95585 109304 109304 109304 109304 119442 123719 133171 133171 133171 123719 123719 119442 119442 133171 147722 154116 161343 161343 161343 154116 154116 147722 147722 161343 176158 176397 177576 177576 177576 176397 176397 176158
100 0
10852 10852 10852 10852 22718 22718 22718 29834 29834 48104 48933 48933 48933 48933 64840 64840 64840 66007 66007 75332 75332 80752 80752 80752 94994 101635 101635 101635 101635 106300 106300 106300 111879 111879 127113 127113 127113 130026 130026 137838 138289 138289 138289 138289 148826 148826 148826 157116 157116 165518 166322 166322 166322 166322 180062 180062 180062 182294 182294 185609 186477 186477 186477 186477 195519 204557 204557 204557 204557 214843 214843 220404 220404 220404 235667 235667 235667 240910 240910 247831 256612 256612 256612 256612 263886 267802 267802 267802 267802 273933 273933 273933 274864 274864 291336 291336 293089 293089 293089 306986
100 0
4044 4044 4044 9358 11817 11817 11817 9358 9358 11817 20921 24032 33513 39921 47070 47070 47986 47986 47986 47070 39921 49477 49477 49477 39921 33513 33513 24032 24032 49477 64650 64650 73468 76391 76391 84626 84626 84626 93270 93270 93435 97787 97787 97787 93435 93435 93270 76391 73468 97787 108258 108258 108258 113619 113619 113619 117729 117729 117729 119090 125768 130020 130020 134693 134693 134693 130020 125768 125768 134693 152066 158804 158804 167253 167253 176875 178687 182302 182302 185525 185525 185525 182302 178687 178687 176875 176875 167253 158804 185525 189886 191416 191416 194305 200252 200252 200252 194305 194305 191416
100 0
14601 14601 22391 22391 22391 27030 27030 31711 31711 40287 40287 40287 56793 57144 57144 57144 57144 65792 65792 65792 73856 73856 89617 89617 92125 92125 92125 100319 100319 100319 105682 105682 123262 124507 124507 124507 124507 137755 137755 137755 147512 147512 154595 162072 162072 162072 162072 176935 176935 186789 186789 186789 197543 200213 200213 200213 200213 207192 216244 216244 216244 216244 222830 222830 229018 229018 229018 242468 246694 246694 246694 246694 252502 258138 258138 258138 258138 269424 269424 269424 273741 273741 282764 286616 286616 286616 286616 294455 303749 303749 303749 303749 308761 312203 312203 312203 312203 325324 325324 325324
100 0
9528 9528 9528 9528 26081 27142 27142 27142 27142 44089 46048 46048 46048 46048 55694 60688 60688 60688 60688 69038 76281 76281 76281 76281 82404 86332 86332 86332 86332 97015 97015 97015 97713 97713 104341 104341 106205 106205 106205 117576 121903 121903 121903 121903 129464 129464 133126 133126 133126 141832 149087 149087 149087 149087 159791 159791 159791 166492 166492 180787 187338 187338 187338 187338 201095 206566 206566 206566 206566 217313 218263 218263 218263 218263 235472 235897 235897 235897 235897 237500 237500 237500 239698 239698 246211 251560 251560 251560 251560 264132 264132 264132 269218 269218 280927 280927 289687 289687 289687 300093
100 0
14542 14542 14542 14542 26934 36870 36870 36870 36870 42489 42489 42489 52284 52284 65046 65046 74945 74945 74945 83581 83581 83581 86207 86207 93761 93761 95928 95928 95928 101418 111230 111230 111230 111230 123555 123555 123555 125560 125560 135879 139053 139053 139053 139053 153003 153003 153003 162583 162583 176067 176067 185615 185615 185615 190504 190504 190504 196432 196432 215486 217349 217349 217349 217349 221176 224456 224456 224456 224456 238938 238938 238938 242819 242819 252903 258469 258469 258469 258469 269656 269656 272312 272312 272312 277831 282673 282673 282673 282673 298412 308210 308210 308210 308210 321820 330993 330993 330993 330993 340447
100 0
6207 6207 15446 15446 15446 24695 24695 32684 36564 36564 40250 40250 40250 42918 50171 50171 50171 42918 42918 36564 32684 50171 53576 53576 56830 61516 62666 62666 69591 73360 73360 76376 76376 76376 73360 69591 69591 62666 61516 61516 56830 76376 82305 88046 88581 94570 94570 96639 96639 96639 94570 88581 104567 104567 104567 88581 88046 110715 110715 110715 88046 110715 121983 127720 133661 139408 139408 139408 147645 151279 151279 154389 154389 154389 151279 147645 147645 133661 133661 127720 127720 154389 162277 162277 162277 166825 175851 180456 180456 187785 197756 197756 197756 187785 187785 180456 175851 175851 166825 166825
100 0
17588 17588 26157 26157 33718 33718 33718 33718 46802 51818 51818 51818 46802 51818 63363 63363 63363 66050 66050 66050 74230 81778 81778 81778 74230 81778 91597 97416 97416 97416 91597 97416 101339 101339 101339 108791 108791 108791 124563 127702 127702 127702 124563 127702 136467 146249 146249 146249 136467 146249 160114 160114 164666 164666 164666 164666 169350 169350 169350 171409 171409 171409 182369 182369 190100 190100 190100 190100 206703 216268 216268 216268 206703 216268 226326 226326 229500 229500 229500 229500 234940 238171 238171 238171 234940 238171 243140 251141 258812 258812 264495 264495 264495 258812 271412 271412 271412 251141 251141 243140
100 0
13085 13085 13085 29958 39359 39359 39359 39359 46930 47334 47334 47334 47334 54901 54901 55354 55354 55354 67572 67572 67572 74876 74876 87808 94684 94684 94684 94684 110080 110080 113526 113526 113526 123960 123960 133531 133531 133531 137489 144566 144566 144566 144566 151371 157845 157845 157845 157845 173762 173762 173762 177943 177943 192507 197877 197877 197877 197877 205690 214820 214820 214820 214820 222631 222631 226994 226994 226994 239093 246978 246978 246978 246978 259341 268672 268672 268672 268672 282450 288060 288060 288060 288060 298813 298813 306736 306736 306736 315795 315795 315795 322413 322413 333538 333538 341233 341233 341233 354053 354053
100 0
7451 7451 7451 8677 8677 8677 11691 11691 11691 13572 13572 13572 16337 22760 22760 22760 16337 22760 29616 29616 31782 31782 31782 31782 46195 46458 46458 46458 46195 46458 55139 55139 55988 55988 55988 55988 65706 65706 70638 70638 70638 70638 86230 87062 87062 87062 86230 87062 101093 101093 105028 105028 105028 105028 113944 113944 122380 122380 122380 122380 134505 136067 136067 136067 134505 136067 149245 149245 149245 154439 154439 154439 171248 177419 177419 177419 171248 177419 186365 186365 194592 194592 194592 194592 204846 204846 204846 211600 211600 211600 230374 230544 237938 240241 240241 240241 237938 237938 230544 230544
100 0
4512 4512 4512 4512 13637 13637 13637 20753 20753 20753 36607 36607 36607 46154 46154 46154 62922 62922 62930 62930 62930 62930 75301 75301 80799 80799 80799 80799 87705 87705 94811 94811 94811 94811 99819 101972 101972 101972 99819 101972 110998 110998 110998 113881 113881 113881 118991 127780 127780 127780 118991 127780 141760 141760 149093 149093 149093 149093 160461 164617 164617 164617 160461 164617 176248 181324 181324 181324 176248 181324 188064 188064 195596 195596 195596 195596 205687 208979 208979 208979 205687 208979 224690 224690 226922 226922 226922 226922 233068 242286 242286 242540 247756 247756 247756 242540 242540 242286 233068 233068
100 0
3996 15448 15448 15448 23470 23470 29265 36023 36023 36023 36023 45820 45820 47854 47854 47854 57224 59980 59980 59980 59980 66630 72162 72162 72162 72162 79391 79391 89101 89101 89101 102699 102699 105643 105643 105643 108500 115156 115156 115156 115156 126722 126722 126722 128680 128680 132515 134631 134631 134631 134631 143488 144570 144570 144570 144570 151862 159181 159181 159181 159181 168848 168848 168848 171200 171200 185314 188378 188378 188378 188378 195661 195661 203232 203232 203232 216347 221467 221467 221467 221467 228533 230165 230165 230165 230165 236999 244047 244047 244047 244047 251679 251679 255646 255646 255646 269427 278575 278575 278575
100 0
5931 5931 5931 13914 13914 13914 21194 21194 31888 36568 36568 36568 36568 43722 51066 51066 51066 51066 64203 68001 68001 68001 68001 76570 82089 82089 82089 82089 87285 88406 88406 88406 88406 97913 103821 103821 103821 103821 111809 111809 111809 115473 115473 127525 133044 133044 133044 133044 138431 138431 142603 142603 142603 151705 151705 160679 160679 160679 168510 172167 172167 172167 172167 182506 187747 187747 187747 187747 197693 197693 197693 205066 205066 218545 218545 219813 219813 219813 231417 234307 234307 234307 234307 244473 249092 249092 249092 249092 260087 260087 260087 263711 263711 277171 277171 280576 280576 280576 285218 285218
100 0
10339 10339 13807 19010 19010 19010 13807 13807 27831 27831 27831 27831 38022 38022 40365 40365 42843 42843 42843 40365 38022 42843 46259 46259 46259 48002 48002 56195 56195 56195 48002 56195 62362 62480 62480 64040 64040 64040 62480 62362 62362 64040 76808 83475 83475 92696 92696 92696 83475 76808 76808 92696 106416 106416 106416 111430 111430 111430 118715 118715 118715 118715 129426 129426 135017 140084 140084 140084 135017 135017 129426 140084 156936 166452 166452 167320 167320 167320 166452 156936 156936 167320 172093 173918 181178 181178 181178 173918 173918 172093 172093 181178 197818 199231 199231 199231 199540 199540 199540 197818
100 0
3295 13676 13789 13789 13789 13789 25569 25569 35425 35425 35425 53115 53115 56012 56012 56012 69642 73176 73176 73176 73176 89158 89928 89928 89928 89928 98112 98112 102793 102793 102793 114042 121377 121377 121377 121377 137017 137017 137017 137188 137188 145364 145637 145637 145637 145637 151848 155159 155159 155159 155159 170401 176658 176658 176658 176658 184801 184801 184801 190533 190533 206425 206425 210618 210618 210618 221384 221384 230755 230755 230755 233248 233967 233967 233967 233967 244467 244467 246116 246116 246116 260754 260754 267207 267207 267207 272366 272366 279838 279838 279838 298259 298259 298259 305470 305470 316453 316453 316453 321865
100 0
5152 5152 5152 21883 31108 31108 31108 31108 40393 42655 42655 42655 42655 60001 66233 66233 66233 66233 72124 72124 72124 72284 72284 77932 84046 84046 84046 84046 101837 101837 111799 111799 111799 120308 120308 127300 127300 127300 137553 139028 139028 139028 139028 149309 149309 149309 158845 158845 172955 172955 176169 176169 176169 187110 187110 187110 193511 193511 202746 202746 208263 208263 208263 217193 217663 217663 217663 217663 220019 220019 220019 222685 222685 227259 227259 227259 233188 233188 241009 241009 241009 249824 249824 256384 256384 260925 260925 260925 271704 277220 277220 277220 277220 289733 297379 297379 297379 297379 307425 307425
100 0
11494 11494 11494 26476 26476 26476 32785 32785 36828 36828 36828 32785 36828 51495 51495 59476 59476 59476 63456 63456 63456 51495 63456 71295 71295 71295 75583 84749 84749 84749 75583 75583 84749 94009 95158 95158 99421 99421 99421 95158 94009 94009 99421 104723 109344 109344 112110 112110 112110 109344 104723 104723 112110 124752 127321 127321 127321 137043 137043 137043 124752 124752 137043 151350 151350 157092 157092 166186 166186 166186 157092 151350 166186 180365 182011 182011 190067 190067 190067 182011 180365 180365 190067 204367 205172 205172 213456 213456 213456 205172 204367 204367 213456 224982 231532 231532 232824 232824 232824 231532
100 0
1960 1960 1960 8804 8804 8804 8804 25039 25039 25039 32275 32275 40655 40655 40655 32275 40655 50396 58628 59363 59363 59363 58628 58628 50396 50396 59363 66578 66578 70278 70278 70278 66578 78608 78608 78608 78608 88512 88512 88512 98352 101838 101838 101838 98352 98352 101838 105664 105664 112457 112457 112457 105664 115749 115749 115749 115749 126216 128887 133070 133070 133070 128887 128887 126216 126216 133070 145730 151490 161401 161401 161401 151490 151490 145730 145730 161401 173898 173898 173898 183263 183263 183263 188818 188818 188818 188818 197719 197719 199847 199847 199847 208617 208617 208617 197719 208617 220697 220697 220697
100 0
4529 12936 18364 25933 25933 25933 18364 18364 12936 12936 25933 40119 43274 46733 46733 46733 43274 43274 40119 40119 46733 56136 63250 65247 65247 65247 63250 63250 56136 56136 65247 85102 85102 90842 90842 90842 93467 93467 93467 85102 93467 100963 102650 112468 112468 112468 102650 102650 100963 100963 112468 116173 122546 122546 128021 128021 128021 122546 116173 116173 128021 135977 135977 144591 149500 149500 149500 144591 144591 135977 149500 160548 162994 166072 166072 166072 162994 162994 160548 160548 166072 175355 184620 190500 190500 190500 184620 184620 175355 175355 190500 204372 205070 207791 207791 207791 205070 205070 204372 204372
100 0
16132 16132 16132 16132 28211 28211 32219 35435 35435 35435 32219 32219 28211 35435 40987 40987 48018 48018 51038 51038 51038 48018 40987 51038 59888 59888 59888 59901 64750 64750 64750 59901 59901 64750 71968 71968 71999 71999 73073 73073 73073 71999 71968 73073 86572 89202 89202 89202 89434 89434 89434 86572 86572 89434 99989 101962 109805 109805 109805 101962 101962 99989 99989 109805 123620 123620 123620 129449 129449 130481 130481 130481 129449 130481 144212 153338 153338 153338 154262 154262 154262 144212 144212 154262 162110 169758 169758 169758 162110 176064 176064 176064 162110 176064 187571 191305 191305 191305 187571 187571
100 0
6689 10236 10236 10236 10236 27793 27793 29325 29325 29325 29325 37181 44035 44035 44035 37181 44035 54007 54007 61469 61469 61469 61469 71460 80274 80274 80274 71460 80274 90017 90017 98252 98252 98252 98252 105937 105937 111026 111026 111026 111026 115470 115470 123820 123820 123820 123820 135728 135728 136352 136352 136352 136352 142747 142747 146305 146305 146305 146305 155551 155551 164147 164147 164147 164147 169310 172522 172522 172522 169310 172522 185172 186795 186795 186795 185172 186795 196003 196003 196003 199985 199985 199985 210398 210398 210398 214060 214060 214060 228524 228524 233120 233120 233120 228524 239077 241467 241467 241467 239077
100 0
11324 18870 18870 18870 18870 26657 34234 35231 35231 35231 34234 34234 26657 26657 35231 46011 47604 55442 55442 55442 47604 47604 46011 46011 55442 60940 61411 65360 65360 65360 61411 61411 60940 60940 65360 76362 76362 82881 92878 92878 92878 82881 82881 76362 92878 98228 102420 105748 105748 105748 102420 102420 98228 98228 105748 115438 125015 125015 125015 115438 134051 134051 134051 115438 134051 137196 137196 140621 142657 142657 142657 140621 140621 137196 142657 152728 152728 162249 162541 162541 162541 162249 162249 152728 162541 173080 173080 173080 175012 175012 175012 176622 176622 176622 176622 187294 187294 191076 191076 191076
100 0
15339 15339 15339 19631 26285 26285 26285 19631 26285 40076 40076 40076 45492 45492 45492 53025 53025 62578 62578 62578 62578 68277 78036 78036 78036 68277 78036 81951 81951 88307 88307 88307 88307 94164 99929 99929 99929 94164 99929 104096 104096 108160 108160 108160 108160 124359 124359 124359 128296 128296 128296 136317 137760 137760 137760 136317 137760 148859 148859 156805 156805 156805 156805 161699 166523 166523 166523 161699 166523 173347 180035 180035 180035 173347 180035 180286 186109 186109 186109 180286 186109 188841 196116 196116 196116 188841 196116 211123 211123 211123 212336 216966 216966 216966 212336 212336 217634 217634 222598 222598
100 0
2851 5392 7292 7292 7292 5392 7292 17084 17084 17084 26114 26114 26114 35367 42981 42981 42981 35367 42981 49256 49256 49256 57332 57332 57332 64196 64196 64196 64959 64959 64959 73393 78621 78621 78621 73393 78621 82193 82193 85999 85999 85999 85999 97590 97590 97610 97610 97610 97610 108440 108440 112147 112147 112147 112147 122131 130156 130156 130156 122131 130156 134064 139723 139723 139723 134064 139723 146802 155377 155377 155377 146802 155377 172110 172110 177680 177680 177680 177680 182650 187281 187281 187281 182650 187281 201002 207227 207227 207227 214201 219685 227405 227405 227405 219685 219685 214201 214201 201002 201002
100 0
6177 6177 6177 16341 18006 18006 18006 16341 18006 30053 32098 32098 32098 30053 32098 42739 42739 42739 50645 50645 50645 55464 58831 58831 58831 55464 58831 65878 65878 66024 66024 66024 66024 75881 75881 75881 81082 81082 81082 91968 100281 100281 100281 91968 100281 110704 110992 110992 110992 110704 110992 128442 135094 135094 135094 128442 135094 149289 149289 156697 156697 156697 156697 171950 178028 178028 178028 171950 178028 181791 185900 185900 185900 181791 185900 190669 190669 190669 193197 193197 193197 209879 213242 213242 213242 209879 213242 222635 232411 232411 232411 240284 240284 240284 222635 222635 246064 246064 250734 250734
100 0
2991 10171 15284 15284 15284 10171 10171 15284 21083 21083 21083 29050 29050 29050 38449 47176 47176 47176 52232 57291 66693 66693 66693 57291 57291 52232 52232 66693 79429 81144 83510 83510 83773 90874 90874 90874 83773 83773 83510 81144 91475 91475 91475 81144 92609 92609 92609 92609 98419 98419 105065 113011 120845 122934 122934 122934 124211 131828 131828 131828 124211 124211 120845 120845 113011 113011 105065 131828 140887 145657 155161 155161 155161 163319 163319 163692 167185 169344 169344 169344 167185 167185 163692 163692 163319 145657 145657 169344 176335 186315 195136 195136 195136 204268 204268 204268 186315 186315 176335 176335
100 0
9830 19278 19278 19278 24116 28399 28399 28399 34599 39651 39999 39999 49797 49797 49797 39999 39651 39651 34599 34599 49797 51772 56754 65870 65870 65870 75037 81561 81561 87483 87483 94593 94593 94593 87483 81561 75037 75037 56754 56754 94593 101819 109723 109723 119192 127097 130114 130114 131186 132881 132881 132881 131186 131186 130114 127097 127097 119192 119192 109723 132881 143311 150694 156971 156971 156971 165229 170301 176786 176786 176786 170301 186088 186088 186088 170301 165229 165229 150694 150694 186088 196527 203206 203206 209252 209252 209252 203206 214545 215739 218991 224071 224071 224071 218991 218991 215739 215739 214545 214545
100 0
6345 6345 6345 18478 26117 26117 26117 26117 33220 33220 36001 36001 36001 42305 44029 44029 44029 44029 51852 58714 58714 58714 58714 64263 67245 67245 67245 67245 70762 75734 75734 75734 75734 87002 87002 87002 95847 95847 99959 99959 106746 106746 106746 121328 122457 122457 122457 122457 131433 135064 135064 135064 135064 142990 142990 142990 147542 147542 160316 168950 168950 168950 168950 181277 189510 189510 189510 189510 203779 210041 210041 210041 210041 219361 219361 223786 223786 223786 231606 236107 236107 236107 236107 248131 252458 252458 252458 252458 267309 270250 270250 270250 270250 278655 283963 283963 283963 283963 293095 293095
100 0
1511 10415 10415 10415 20186 20186 20186 28454 33535 33535 33535 28454 33535 40623 40623 47097 47097 47097 47097 56003 63946 63946 63946 56003 63946 73798 73798 82285 82285 82285 82285 91943 91943 98784 98784 98784 98784 103415 103415 103415 113082 113082 113082 125612 125612 125612 128562 128562 128562 136690 136690 142833 142833 142833 142833 149191 149191 149191 149921 149921 149921 158862 165900 165900 165900 158862 165900 173051 178573 178573 178573 173051 178573 185022 192051 192051 192051 185022 192051 204909 208621 208621 208621 204909 208621 217203 217203 217203 222159 222159 226181 227776 232227 232227 232227 227776 227776 226181 226181 222159
100 0
6448 14742 22183 29131 29131 30447 33737 37195 45954 45954 45954 37195 37195 33737 33737 30447 30447 29131 22183 22183 45954 51163 51163 51163 57633 57633 63989 69509 69509 76688 76688 76688 80385 85061 85061 85061 80385 80385 69509 63989 85061 96956 96956 105452 110180 110180 110180 105452 117552 123856 123856 126628 126628 132106 132106 132106 126628 123856 117552 117552 132106 144119 149500 149500 151203 151203 153138 153138 155830 161662 161662 161662 155830 155830 153138 163981 163981 163981 151203 149500 163981 174533 177624 181720 189850 189850 199630 202834 202834 204092 204092 204092 202834 199630 199630 189850 181720 181720 177624 177624
100 0
7184 13891 13891 14262 14262 14262 25005 30482 30482 30482 30482 42391 50167 50167 50167 50167 58786 65833 65833 65833 65833 82479 82479 89892 89892 89892 105285 111037 111037 111037 111037 113630 118618 118618 118618 118618 128850 128850 131110 131110 131110 143352 143352 143352 152888 152888 163945 170141 170141 170141 170141 183193 183193 183193 184165 184165 197191 199195 199195 199195 199195 200865 203778 203778 203778 203778 207694 207694 209701 209701 209701 219537 222566 222566 222566 222566 240230 246034 246034 246034 246034 258026 258026 258026 258962 258962 264906 264906 264906 267033 267033 283281 284918 284918 284918 284918 293170 299854 299854 299854
100 0
2770 2770 20310 20310 20310 25892 25892 27241 27241 27241 35925 35925 47118 51005 51005 51005 51005 53869 53869 53869 62755 62755 70088 70088 70555 70555 70555 78410 78410 78410 83759 83759 93305 99491 99491 99491 99491 106012 106012 112535 112535 112535 120415 123401 123401 123401 123401 135367 143597 143597 143597 143597 153140 153140 153140 153190 153190 167736 174417 174417 174417 174417 180819 180819 180819 181812 181812 197964 197964 207478 207478 207478 222385 222385 225181 225181 225181 230453 230453 234164 234164 234164 236676 236676 236676 243471 243471 253009 253009 261574 261574 261574 277890 287727 287727 287727 287727 296013 296013 296013
100 0
2255 9285 9285 11051 11051 11051 28271 28271 30241 30241 30241 43950 43950 43950 52201 52201 61411 61411 61411 64207 64207 77446 87092 87092 87092 87092 95121 95121 95121 98389 98389 104343 104343 104343 108744 108744 114717 123941 123941 123941 123941 131049 131049 131049 136766 136766 139512 139512 139512 149484 149484 154964 154964 159321 159321 159321 161471 161471 161471 168184 168184 177914 177914 177914 181694 181694 194957 194957 194957 198469 198469 203165 211723 211723 211723 211723 220319 220319 220319 224106 224106 227890 232758 232758 232758 232758 247114 247114 248961 248961 248961 252422 253020 253020 253020 253020 271781 271781 271781 281756
100 0
15083 15083 20511 20511 20511 36077 45396 45396 45396 45396 50634 50634 54572 54572 54572 62908 62908 62908 64670 64670 73872 75766 75766 75766 75766 88570 89796 89796 89796 89796 96835 103629 103629 103629 103629 109364 109364 109364 117448 117448 123089 132163 132163 132163 132163 144632 144632 144632 148280 148280 153312 161660 161660 161660 161660 169649 169649 171352 171352 171352 181067 181067 187205 187205 187205 196465 196465 199201 199201 199201 210813 210813 210813 213668 213668 225654 225654 225654 234331 234331 239654 244924 244924 244924 244924 256041 256041 257481 257481 257481 261730 261730 269066 269066 269066 276614 276614 280869 280869 280869
100 0
16922 16922 27865 28741 28741 32778 32778 32778 28741 27865 27865 32778 37988 37988 37988 39610 39610 46126 46126 46126 39610 46126 47792 47792 50163 50163 50163 52861 52861 52861 47792 52861 66266 67861 67861 72895 72895 72895 67861 66266 66266 72895 80149 81236 81236 81236 90304 90304 90304 80149 80149 90304 100981 103385 103385 103385 105430 105430 105430 100981 100981 105430 106372 106372 106372 109154 109154 114632 114632 114632 109154 114632 126072 132983 132983 132983 126072 126072 140371 140371 140371 140371 150529 150529 150529 155941 155941 155941 163949 163949 163949 163949 173315 173315 173909 174565 174565 174565 173909 173909
100 0
13430 17073 17073 17073 17073 31995 31995 41310 41310 41310 56200 58684 58684 58684 58684 68332 70202 70202 70202 70202 82851 82851 91321 91321 91321 95231 95231 97031 97031 97031 105358 105358 107712 107712 107712 117750 117750 119825 119825 119825 129087 129087 134186 134186 134186 144787 144787 144787 150564 150564 159909 159937 159937 159937 159937 169714 170951 170951 170951 170951 183554 189800 189800 189800 189800 192722 196108 196108 196108 196108 214046 214046 214241 214241 214241 224632 226066 226066 226066 226066 228874 234537 234537 234537 234537 243286 243618 243618 243618 243618 247230 247230 251184 251184 251184 253234 253234 256116 256116 256116
100 0
15889 15889 25684 25684 35145 35145 35145 25684 36350 36350 36350 36350 42525 44408 44408 44408 42525 53886 53886 53886 42525 53886 64543 71110 75457 75457 75457 71110 71110 64543 64543 75457 85047 91523 91523 91523 93118 93118 93118 85047 85047 93118 103365 113261 117322 117322 117322 113261 113261 103365 103365 117322 132032 132032 132032 138937 138937 142735 142735 142735 138937 142735 153029 153029 160332 166894 166894 166894 160332 160332 153029 166894 176272 176272 184001 184001 193797 193797 193797 184001 176272 193797 202177 202177 202177 203873 203873 203873 209628 209628 209628 209628 227247 227247 233731 233731 233731 227247 237783 237783
100 0
1129 1129 1129 4775 9525 9525 12852 12852 12852 9525 4775 4775 12852 28873 30246 34185 34185 34185 38654 44819 44819 47351 47351 47351 44819 38654 38654 52320 52320 52320 30246 30246 52320 61175 63586 68059 68059 68059 63586 69853 71018 73718 79772 79772 79772 73718 73718 71018 71018 69853 69853 63586 79772 94381 99629 104079 104079 113465 113465 114705 114705 114705 113465 104079 99629 120696 121815 121815 121815 120696 120696 99629 121815 133224 140574 145352 152664 156877 164585 164585 164585 169109 169109 169109 156877 156877 152664 152664 145352 145352 140574 140574 169109 185101 185101 185158 190385 190385 190385 185158
100 0
12949 12949 12949 22870 22870 25745 26631 26631 26631 25745 25745 22870 26631 31784 31784 31784 38872 38872 38872 43214 43214 43214 43214 46630 46630 47719 47719 49090 49090 49090 47719 46630 49090 61032 61032 61032 69903 69903 76567 76567 76567 69903 76567 80531 80531 84613 84613 89880 89880 89880 84613 80531 89880 94467 103789 107128 107128 107128 103789 103789 94467 94467 107128 116767 116767 116767 125621 125621 125621 133807 133807 133807 133807 140672 140672 144007 149899 149899 149899 144007 144007 140672 149899 162113 164452 164452 164452 167676 167676 167676 162113 162113 167676 176980 176980 186645 186645 189648 189648 189648
100 0
6009 19691 19691 19691 22450 22450 23996 23996 23996 22450 23996 37721 45553 51156 51156 51156 45553 45553 37721 37721 51156 60985 60985 65491 65491 72600 72600 72600 65491 60985 72600 82070 89523 89523 92983 92983 92983 89523 82070 82070 92983 104132 110394 110394 115766 115766 115766 110394 104132 104132 115766 127207 127207 132236 132903 132903 132903 132236 132236 127207 132903 142930 146492 153790 153790 153790 146492 146492 142930 142930 153790 163016 163016 163016 164909 164909 174253 174253 174253 164909 174253 186056 189700 189700 189700 186056 186056 192230 192230 192230 192230 201691 202935 202935 202935 201691 201691 203803 203803 203803
100 0
6368 16320 16320 16320 16320 22051 22051 22051 23351 23351 23351 28268 32566 32566 39390 41207 41207 47466 47466 47466 41207 39390 39390 32566 47466 62148 64321 72469 73616 80173 80173 86681 86681 86681 80173 73616 73616 93201 93201 93201 72469 72469 64321 64321 93201 107206 107206 108635 109552 109552 113760 117427 117427 123265 132270 132270 132270 123265 123265 117427 113760 113760 109552 108635 132270 145808 154093 160489 164706 164706 169471 169471 169471 175942 175942 175942 183268 183268 183268 164706 160489 160489 154093 154093 183268 196247 196247 196247 204641 204641 210147 210333 212965 212965 212965 210333 210333 210147 210147 204641
100 0
11530 11530 11530 12297 12297 12297 12297 19914 24804 26609 26609 26609 24804 24804 19914 19914 26609 39468 39468 48951 51408 51408 51408 48951 48951 39468 51408 61188 61188 61496 71492 71492 71492 61496 61496 61188 71492 74485 74485 75061 75061 81029 81029 81029 75061 74485 81029 87535 91825 91825 97355 97355 97355 91825 87535 87535 97355 111822 111822 120360 120360 120360 122369 122369 122369 111822 122369 134714 135624 144745 144745 144745 135624 135624 134714 134714 144745 161670 168893 173029 173029 173029 168893 168893 161670 161670 173029 181169 181169 190353 190353 199365 199365 199365 190353 181169 199365 201208 201208 201208
100 0
7723 7723 7723 10929 10929 10929 10929 15771 16239 18895 18895 18895 16239 16239 15771 15771 18895 25844 30060 32497 32497 32497 30060 30060 25844 25844 32497 43019 43019 43019 47131 47131 55820 55820 55820 47131 55820 60989 60989 65617 65617 74311 74311 74311 65617 60989 74311 87509 87509 97007 97007 106844 106844 106844 97007 87509 106844 121275 123632 129537 129537 129537 123632 123632 121275 121275 129537 133607 138960 139841 139841 139841 138960 138960 133607 133607 139841 148738 148738 152073 152073 152073 148738 156106 156106 156106 156106 167926 167926 175532 181979 181979 181979 175532 175532 167926 181979 184340 184340 184340
100 0
3039 3039 12392 12392 14739 21700 31393 35739 35739 35739 31393 31393 21700 21700 14739 14739 12392 3039 35739 39715 39715 49555 49555 50407 50407 50407 49555 39715 50832 57620 57620 57620 67432 75904 75904 75904 67432 67432 75904 91178 99039 99039 99039 91178 101562 101562 103147 105191 110294 112567 112567 112567 110294 110294 105191 105191 103147 103147 112567 129202 138131 146067 146067 153594 156712 156712 165343 171073 171073 171073 165343 165343 156712 153594 153594 146067 138131 138131 171073 179320 179320 179320 187382 187745 188805 188805 188805 197786 198891 198891 207731 207731 207731 198891 197786 197786 187745 187745 207731 218479
100 0
1382 18910 24654 24654 24654 18910 24654 28482 33828 33828 33828 28482 33828 35008 35008 37402 37402 37402 37402 47067 47067 47321 47321 47321 47321 64860 64860 72539 72539 72539 72539 82705 91693 91693 91693 82705 91693 102485 102485 102485 109437 109437 109437 115923 115923 123478 123478 123478 123478 137888 146192 146192 146192 137888 146192 155939 155939 155939 157228 157228 157228 166534 168549 168549 168549 166534 168549 175532 184387 184387 184387 175532 184387 194441 194441 196581 196581 196581 196581 209756 214508 214508 214508 209756 214508 223634 226698 226698 226698 223634 236051 236985 243589 243589 243589 236985 236985 236051 236051 223634
100 0
8649 16947 16947 16947 16947 22818 22818 31204 31204 31204 31204 47371 51598 51598 51598 47371 51598 62576 62576 63053 63053 63053 63053 75684 75684 75684 84887 84887 84887 90848 90848 90848 94049 94049 94049 104239 104239 108648 108648 108648 108648 110562 117805 117805 117805 110562 117805 131160 139166 139166 139166 131160 139166 145610 152509 152509 152509 145610 152509 168787 168787 172210 172210 172210 172210 180430 183002 183002 183002 180430 183002 196642 196642 196642 206105 206105 206105 215443 224324 224324 224324 215443 224324 234614 234614 234614 243937 243937 243937 252027 252027 252027 259475 263622 263622 273525 273525 273525 263622 259475
100 0
273525 279406 273525 286300 273525 292672 293282 292672 301090 292672 306279 314584 306279 317278 306279 320555 326320 320555 331116 320555 332101 340437 332101 341944 332101 349337 350807 349337 350970 349337 355793 358657 355793 368558 355793 375041 378663 375041 383219 375041 386960 387308 386960 397059 386960 400917 408872 400917 418295 400917 420967 426013 420967 427667 420967 433583 434999 433583 437261 433583 437335 440290 437335 447207 437335 449973 456204 449973 465236 449973 472797 476363 472797 483729 472797 492795 500104 492795 508939 492795 514519 523001 514519 531050 514519 532881 537844 532881 545865 532881 548602 553657 548602 558376 548602 560862 569773 560862 578798 560862
100 0
535842 549961 992643 820759 210338 504980 135824 944584 90735 698038 77402 389550 798835 156536 965970 856964 224744 230235 340969 814527 668254 325468 995302 1000000 329710 132793 951605 74281 969124 1000000 128092 504965 715459 120734 325723 925797 142066 977899 386732 749152 675936 980485 138701 474770 137020 621022 848085 878116 367608 705406 692642 35861 30873 204295 194762 360582 853439 146366 434863 822562 311864 79306 327526 27323 200039 169601 469471 858456 147499 856202 607607 823434 353039 1000000 814555 490058 400033 662639 884525 767640 368044 577166 803501 1000000 297812 514614 792202 151250 660979 743416 973811 1000000 822721 817689 516517 539112 503641 502339 397567 651139
