77
70 200000000000000001
26 18367353074442
21 24466272823
90 615680000000000001
3 4
35 1
22 91482565785
14 2715561
3 5
20 6564125979
16 35403763
30 3814986502148674
33 212336130412246276
74 200000000000000001
83 280000000000000001
6 40
15 2177506
11 36709
3 2
75 1
8 24028
49 1
67 1
5 14462
34 812944042149735484
61 1
100 1000000000000000000
21 23845748281
90 1
10 14269
72 1
10 22531
21 5753992501
27 69533550922986
9 4369
23 5991320251
32 43333766709166543
95 1
9 4279
19 762036451
26 13187423208905
25 2216583473581
6 115
2 1
48 723200000000000001
89 1
3 1
25 4861946408469
20 3578659921
2 2
26 4450775299433
8 50669
45 1
24 1289904147610
2 3
1 2
23 343059620909
27 28441530161717
48 720000000000000001
85 800000000000000001
32 55534064877050802
11 43359
30 3814986502092481
80 800000000000000001
78 1
10 10704
31 14544636039230466
1 1
24 158005011169
29 1002242216651846
25 4861946425446
16 1851211
24 704583066997
78 1
28 263747951751965
3 6
3 3
