97
10 12740
10 8000
7 170
10 5889
3 4
6 43
10 6648
10 2391
9 9733
4 11
9 1636
8 817
4 24103
10 3592
8 16609
5 34557
8 845
8 1052
10 26520
9 1551
10 2580
2 1
6 5069
7 28793
1 1
3 2
9 8523
9 562
8 7723
8 4310
9 1467
5 2
4 8
9 3149
10 4700
10 18194
8 4248
10 18337
10 100000
9 3071
7 3393
10 16874
6 4835
4 6446
5 5440
9 75371
5 25
7 80
3 3
6 43040
9 1697
10 22109
5 40
7 408
9 6339
4 8
7 9135
10 9071
4 17034
4 10
6 112
7 63126
4 43886
7 5352
3 5
10 81705
5 17
6 3447
9 157
7 221
7 42519
8 6269
10 15612
4 45575
9 2603
4 11
4 11
9 506
2 2
3 6
9 1470
3 1
1 2
9 2942
8 1265
8 61622
10 42134
4 67338
2 3
8 48104
9 2261
6 101
8 954
4 1358
8 35054
5 4935
9 4247
